(631.0, 42.0)
(697.0, 43.0)
(718.0, 44.0)
(694.0, 47.0)
(688.0, 51.0)
(631.0, 54.0)
(675.0, 80.0)
(695.0, 82.0)
(387.0, 93.0)
(689.0, 96.0)
(826.0, 103.0)
(877.0, 148.0)
(878.0, 161.0)
(670.0, 176.0)
(579.0, 196.0)
(919.0, 198.0)
(870.0, 219.0)
(557.0, 233.0)
(567.0, 234.0)
(951.0, 244.0)
(905.0, 276.0)
(942.0, 296.0)
(705.0, 311.0)
(758.0, 311.0)
(947.0, 311.0)
(959.0, 315.0)
(752.0, 319.0)
(789.0, 324.0)
(880.0, 325.0)
(857.0, 328.0)
(149.0, 339.0)
(338.0, 340.0)
(343.0, 342.0)
(352.0, 345.0)
(356.0, 347.0)
(937.0, 347.0)
(366.0, 351.0)
(926.0, 351.0)
(928.0, 352.0)
(394.0, 362.0)
(832.0, 365.0)
(1040.0, 374.0)
(987.0, 379.0)
(1022.0, 388.0)
(830.0, 421.0)
(926.0, 423.0)
(152.0, 431.0)
(946.0, 438.0)
(965.0, 441.0)
(32.0, 443.0)
(914.0, 456.0)
(998.0, 464.0)
(722.0, 465.0)
(757.0, 478.0)
(747.0, 482.0)
(761.0, 482.0)
(792.0, 490.0)
(828.0, 504.0)
(401.0, 524.0)
(405.0, 526.0)
(411.0, 529.0)
(419.0, 531.0)
(429.0, 535.0)
(877.0, 536.0)
(833.0, 541.0)
(402.0, 542.0)
(842.0, 545.0)
(397.0, 546.0)
(847.0, 547.0)
(395.0, 551.0)
(857.0, 551.0)
(861.0, 552.0)
(496.0, 554.0)
(871.0, 556.0)
(396.0, 558.0)
(875.0, 558.0)
(391.0, 559.0)
(475.0, 561.0)
(885.0, 562.0)
(394.0, 563.0)
(983.0, 563.0)
(476.0, 564.0)
(482.0, 564.0)
(393.0, 565.0)
(364.0, 566.0)
(384.0, 567.0)
(529.0, 567.0)
(475.0, 568.0)
(361.0, 570.0)
(369.0, 572.0)
(541.0, 572.0)
(1035.0, 572.0)
(517.0, 573.0)
(913.0, 573.0)
(528.0, 576.0)
(977.0, 577.0)
(928.0, 579.0)
(178.0, 580.0)
(930.0, 580.0)
(574.0, 585.0)
(375.0, 587.0)
(564.0, 587.0)
(1029.0, 589.0)
(571.0, 590.0)
(923.0, 590.0)
(957.0, 591.0)
(387.0, 593.0)
(392.0, 593.0)
(573.0, 594.0)
(926.0, 594.0)
(352.0, 595.0)
(403.0, 596.0)
(971.0, 596.0)
(580.0, 597.0)
(973.0, 597.0)
(975.0, 598.0)
(363.0, 599.0)
(591.0, 599.0)
(404.0, 600.0)
(593.0, 602.0)
(986.0, 602.0)
(603.0, 605.0)
(1117.0, 605.0)
(601.0, 608.0)
(1004.0, 609.0)
(598.0, 610.0)
(608.0, 611.0)
(1130.0, 611.0)
(461.0, 612.0)
(458.0, 613.0)
(1109.0, 621.0)
(331.0, 622.0)
(645.0, 623.0)
(595.0, 630.0)
(283.0, 633.0)
(597.0, 634.0)
(665.0, 637.0)
(600.0, 639.0)
(597.0, 641.0)
(667.0, 641.0)
(684.0, 641.0)
(318.0, 644.0)
(272.0, 645.0)
(705.0, 648.0)
(1216.0, 648.0)
(1218.0, 649.0)
(707.0, 650.0)
(1221.0, 650.0)
(685.0, 651.0)
(306.0, 653.0)
(679.0, 653.0)
(299.0, 656.0)
(1235.0, 656.0)
(260.0, 658.0)
(578.0, 658.0)
(708.0, 658.0)
(966.0, 658.0)
(969.0, 658.0)
(268.0, 659.0)
(274.0, 660.0)
(727.0, 660.0)
(580.0, 661.0)
(955.0, 661.0)
(958.0, 661.0)
(964.0, 661.0)
(272.0, 662.0)
(575.0, 662.0)
(698.0, 663.0)
(964.0, 664.0)
(908.0, 665.0)
(705.0, 666.0)
(902.0, 666.0)
(295.0, 667.0)
(910.0, 667.0)
(951.0, 667.0)
(953.0, 668.0)
(248.0, 670.0)
(963.0, 670.0)
(902.0, 671.0)
(249.0, 672.0)
(910.0, 673.0)
(959.0, 673.0)
(817.0, 674.0)
(928.0, 674.0)
(756.0, 675.0)
(813.0, 676.0)
(958.0, 676.0)
(901.0, 678.0)
(907.0, 679.0)
(909.0, 679.0)
(959.0, 679.0)
(829.0, 680.0)
(925.0, 680.0)
(398.0, 681.0)
(817.0, 681.0)
(274.0, 683.0)
(814.0, 683.0)
(821.0, 683.0)
(752.0, 685.0)
(816.0, 685.0)
(384.0, 687.0)
(386.0, 687.0)
(416.0, 688.0)
(419.0, 692.0)
(271.0, 693.0)
(260.0, 695.0)
(421.0, 695.0)
(766.0, 696.0)
(262.0, 697.0)
(905.0, 697.0)
(1343.0, 701.0)
(218.0, 702.0)
(379.0, 704.0)
(259.0, 705.0)
(1348.0, 705.0)
(383.0, 706.0)
(380.0, 707.0)
(1356.0, 707.0)
(211.0, 710.0)
(206.0, 713.0)
(252.0, 713.0)
(201.0, 717.0)
(414.0, 721.0)
(417.0, 722.0)
(250.0, 724.0)
(411.0, 725.0)
(245.0, 726.0)
(500.0, 726.0)
(415.0, 727.0)
(1370.0, 727.0)
(247.0, 728.0)
(202.0, 731.0)
(361.0, 731.0)
(250.0, 732.0)
(1368.0, 732.0)
(1365.0, 733.0)
(1385.0, 733.0)
(236.0, 734.0)
(252.0, 734.0)
(1003.0, 734.0)
(368.0, 735.0)
(440.0, 735.0)
(974.0, 735.0)
(200.0, 736.0)
(239.0, 736.0)
(615.0, 736.0)
(1389.0, 736.0)
(232.0, 737.0)
(256.0, 737.0)
(443.0, 737.0)
(970.0, 737.0)
(244.0, 738.0)
(235.0, 739.0)
(438.0, 739.0)
(983.0, 739.0)
(1383.0, 739.0)
(246.0, 740.0)
(452.0, 740.0)
(625.0, 740.0)
(972.0, 740.0)
(442.0, 741.0)
(456.0, 742.0)
(982.0, 742.0)
(1387.0, 742.0)
(450.0, 743.0)
(973.0, 743.0)
(250.0, 744.0)
(368.0, 744.0)
(200.0, 745.0)
(224.0, 745.0)
(454.0, 745.0)
(464.0, 745.0)
(980.0, 745.0)
(228.0, 747.0)
(435.0, 747.0)
(468.0, 747.0)
(977.0, 747.0)
(463.0, 748.0)
(438.0, 749.0)
(222.0, 750.0)
(388.0, 750.0)
(467.0, 750.0)
(477.0, 750.0)
(983.0, 750.0)
(433.0, 751.0)
(480.0, 751.0)
(497.0, 751.0)
(161.0, 752.0)
(225.0, 752.0)
(352.0, 752.0)
(993.0, 752.0)
(167.0, 753.0)
(437.0, 753.0)
(475.0, 753.0)
(984.0, 753.0)
(995.0, 753.0)
(881.0, 754.0)
(978.0, 754.0)
(164.0, 755.0)
(187.0, 755.0)
(479.0, 755.0)
(157.0, 756.0)
(175.0, 756.0)
(179.0, 756.0)
(887.0, 756.0)
(980.0, 756.0)
(1002.0, 756.0)
(489.0, 757.0)
(985.0, 757.0)
(214.0, 758.0)
(388.0, 758.0)
(406.0, 758.0)
(486.0, 758.0)
(882.0, 758.0)
(1011.0, 758.0)
(349.0, 759.0)
(372.0, 759.0)
(959.0, 759.0)
(218.0, 760.0)
(402.0, 760.0)
(429.0, 760.0)
(446.0, 760.0)
(956.0, 760.0)
(433.0, 761.0)
(542.0, 761.0)
(894.0, 761.0)
(210.0, 762.0)
(378.0, 762.0)
(536.0, 762.0)
(546.0, 762.0)
(945.0, 762.0)
(950.0, 762.0)
(1007.0, 762.0)
(148.0, 763.0)
(581.0, 763.0)
(879.0, 763.0)
(897.0, 763.0)
(213.0, 764.0)
(428.0, 764.0)
(882.0, 764.0)
(945.0, 764.0)
(950.0, 764.0)
(960.0, 764.0)
(431.0, 765.0)
(535.0, 765.0)
(144.0, 766.0)
(368.0, 766.0)
(879.0, 766.0)
(881.0, 766.0)
(572.0, 767.0)
(562.0, 768.0)
(880.0, 768.0)
(891.0, 768.0)
(193.0, 769.0)
(203.0, 769.0)
(375.0, 769.0)
(565.0, 769.0)
(894.0, 769.0)
(196.0, 770.0)
(521.0, 770.0)
(579.0, 770.0)
(876.0, 770.0)
(882.0, 770.0)
(206.0, 771.0)
(881.0, 772.0)
(622.0, 774.0)
(108.0, 775.0)
(373.0, 775.0)
(713.0, 775.0)
(886.0, 775.0)
(186.0, 776.0)
(383.0, 777.0)
(584.0, 777.0)
(892.0, 777.0)
(132.0, 778.0)
(187.0, 778.0)
(593.0, 778.0)
(633.0, 778.0)
(189.0, 779.0)
(723.0, 779.0)
(95.0, 780.0)
(182.0, 780.0)
(1048.0, 780.0)
(1062.0, 780.0)
(393.0, 781.0)
(185.0, 783.0)
(332.0, 783.0)
(950.0, 783.0)
(1061.0, 783.0)
(1065.0, 784.0)
(561.0, 785.0)
(953.0, 785.0)
(124.0, 786.0)
(1076.0, 786.0)
(1079.0, 786.0)
(1072.0, 787.0)
(174.0, 788.0)
(1082.0, 788.0)
(1097.0, 788.0)
(947.0, 789.0)
(977.0, 789.0)
(120.0, 790.0)
(122.0, 790.0)
(178.0, 790.0)
(590.0, 790.0)
(1077.0, 790.0)
(1098.0, 790.0)
(170.0, 792.0)
(951.0, 792.0)
(1080.0, 792.0)
(631.0, 793.0)
(990.0, 793.0)
(1094.0, 793.0)
(173.0, 794.0)
(987.0, 794.0)
(775.0, 795.0)
(1094.0, 795.0)
(945.0, 796.0)
(990.0, 796.0)
(1476.0, 796.0)
(112.0, 797.0)
(893.0, 797.0)
(949.0, 797.0)
(325.0, 798.0)
(1112.0, 798.0)
(785.0, 799.0)
(941.0, 799.0)
(948.0, 799.0)
(999.0, 799.0)
(1106.0, 799.0)
(162.0, 800.0)
(657.0, 800.0)
(1002.0, 800.0)
(1112.0, 800.0)
(165.0, 802.0)
(604.0, 802.0)
(984.0, 802.0)
(1107.0, 802.0)
(158.0, 803.0)
(601.0, 803.0)
(607.0, 803.0)
(951.0, 803.0)
(988.0, 803.0)
(501.0, 804.0)
(855.0, 805.0)
(161.0, 806.0)
(609.0, 806.0)
(858.0, 807.0)
(677.0, 808.0)
(851.0, 808.0)
(980.0, 808.0)
(623.0, 809.0)
(522.0, 810.0)
(619.0, 810.0)
(979.0, 810.0)
(985.0, 810.0)
(149.0, 811.0)
(519.0, 811.0)
(851.0, 811.0)
(1009.0, 812.0)
(152.0, 813.0)
(497.0, 813.0)
(855.0, 813.0)
(861.0, 813.0)
(872.0, 813.0)
(1007.0, 813.0)
(318.0, 814.0)
(608.0, 814.0)
(146.0, 815.0)
(1054.0, 816.0)
(642.0, 817.0)
(693.0, 817.0)
(870.0, 817.0)
(149.0, 818.0)
(848.0, 818.0)
(1058.0, 818.0)
(1066.0, 819.0)
(1079.0, 820.0)
(761.0, 821.0)
(1053.0, 821.0)
(1077.0, 821.0)
(399.0, 822.0)
(1159.0, 822.0)
(138.0, 823.0)
(549.0, 823.0)
(709.0, 823.0)
(717.0, 823.0)
(1056.0, 823.0)
(1085.0, 824.0)
(1168.0, 825.0)
(1177.0, 825.0)
(1064.0, 827.0)
(1079.0, 827.0)
(1081.0, 827.0)
(1175.0, 827.0)
(729.0, 828.0)
(1050.0, 828.0)
(840.0, 829.0)
(1053.0, 829.0)
(312.0, 830.0)
(837.0, 830.0)
(395.0, 831.0)
(736.0, 831.0)
(1081.0, 831.0)
(545.0, 832.0)
(1079.0, 832.0)
(682.0, 833.0)
(687.0, 834.0)
(745.0, 834.0)
(1078.0, 834.0)
(1204.0, 834.0)
(834.0, 835.0)
(580.0, 836.0)
(662.0, 836.0)
(752.0, 837.0)
(1117.0, 837.0)
(1072.0, 838.0)
(1120.0, 838.0)
(572.0, 839.0)
(834.0, 839.0)
(837.0, 839.0)
(1217.0, 839.0)
(702.0, 840.0)
(1071.0, 840.0)
(1078.0, 840.0)
(80.0, 841.0)
(339.0, 841.0)
(448.0, 841.0)
(750.0, 842.0)
(706.0, 843.0)
(805.0, 843.0)
(1077.0, 843.0)
(1128.0, 843.0)
(578.0, 844.0)
(1133.0, 845.0)
(1228.0, 845.0)
(69.0, 846.0)
(725.0, 846.0)
(841.0, 846.0)
(1114.0, 846.0)
(306.0, 847.0)
(560.0, 847.0)
(720.0, 847.0)
(815.0, 847.0)
(1118.0, 847.0)
(748.0, 848.0)
(841.0, 848.0)
(975.0, 848.0)
(726.0, 849.0)
(1127.0, 849.0)
(444.0, 850.0)
(707.0, 850.0)
(722.0, 850.0)
(968.0, 850.0)
(65.0, 851.0)
(399.0, 851.0)
(1131.0, 851.0)
(958.0, 852.0)
(962.0, 852.0)
(965.0, 852.0)
(1111.0, 852.0)
(410.0, 853.0)
(676.0, 853.0)
(708.0, 853.0)
(630.0, 854.0)
(838.0, 854.0)
(1116.0, 854.0)
(486.0, 855.0)
(674.0, 855.0)
(1110.0, 855.0)
(1130.0, 855.0)
(1035.0, 856.0)
(1141.0, 856.0)
(1166.0, 856.0)
(535.0, 857.0)
(955.0, 857.0)
(968.0, 857.0)
(447.0, 858.0)
(660.0, 858.0)
(939.0, 858.0)
(942.0, 858.0)
(962.0, 858.0)
(980.0, 858.0)
(1103.0, 858.0)
(395.0, 859.0)
(742.0, 859.0)
(750.0, 859.0)
(944.0, 859.0)
(469.0, 860.0)
(528.0, 860.0)
(601.0, 860.0)
(739.0, 860.0)
(834.0, 860.0)
(654.0, 861.0)
(938.0, 861.0)
(1129.0, 861.0)
(1177.0, 861.0)
(61.0, 862.0)
(427.0, 862.0)
(944.0, 862.0)
(1088.0, 862.0)
(105.0, 863.0)
(626.0, 863.0)
(832.0, 863.0)
(860.0, 863.0)
(287.0, 864.0)
(761.0, 864.0)
(830.0, 864.0)
(515.0, 865.0)
(703.0, 865.0)
(1188.0, 865.0)
(1203.0, 865.0)
(290.0, 866.0)
(481.0, 866.0)
(937.0, 866.0)
(1193.0, 866.0)
(1200.0, 866.0)
(248.0, 867.0)
(664.0, 867.0)
(1205.0, 867.0)
(42.0, 868.0)
(662.0, 868.0)
(830.0, 868.0)
(940.0, 868.0)
(255.0, 869.0)
(827.0, 869.0)
(1201.0, 869.0)
(37.0, 870.0)
(524.0, 870.0)
(1188.0, 870.0)
(424.0, 871.0)
(469.0, 871.0)
(741.0, 871.0)
(935.0, 871.0)
(98.0, 872.0)
(248.0, 872.0)
(260.0, 872.0)
(306.0, 872.0)
(498.0, 872.0)
(1066.0, 872.0)
(1190.0, 872.0)
(256.0, 873.0)
(828.0, 873.0)
(939.0, 873.0)
(1186.0, 873.0)
(1200.0, 873.0)
(91.0, 874.0)
(741.0, 874.0)
(972.0, 874.0)
(1067.0, 874.0)
(536.0, 875.0)
(936.0, 875.0)
(962.0, 875.0)
(1077.0, 875.0)
(1189.0, 875.0)
(1204.0, 875.0)
(1319.0, 875.0)
(94.0, 876.0)
(243.0, 876.0)
(659.0, 876.0)
(748.0, 876.0)
(933.0, 876.0)
(1079.0, 876.0)
(279.0, 877.0)
(936.0, 877.0)
(1077.0, 877.0)
(1317.0, 877.0)
(646.0, 878.0)
(1151.0, 878.0)
(1234.0, 878.0)
(29.0, 879.0)
(286.0, 879.0)
(506.0, 879.0)
(857.0, 879.0)
(960.0, 879.0)
(968.0, 879.0)
(1198.0, 879.0)
(250.0, 880.0)
(834.0, 880.0)
(989.0, 880.0)
(1234.0, 880.0)
(1319.0, 880.0)
(1815.0, 880.0)
(256.0, 881.0)
(294.0, 881.0)
(519.0, 881.0)
(716.0, 881.0)
(1201.0, 881.0)
(1238.0, 881.0)
(84.0, 882.0)
(500.0, 882.0)
(636.0, 882.0)
(753.0, 882.0)
(962.0, 882.0)
(1148.0, 882.0)
(1337.0, 882.0)
(1344.0, 882.0)
(815.0, 883.0)
(1152.0, 883.0)
(1334.0, 883.0)
(86.0, 884.0)
(851.0, 884.0)
(1067.0, 884.0)
(1344.0, 884.0)
(82.0, 885.0)
(298.0, 885.0)
(532.0, 885.0)
(543.0, 885.0)
(846.0, 885.0)
(1093.0, 885.0)
(1233.0, 885.0)
(29.0, 886.0)
(712.0, 886.0)
(821.0, 886.0)
(964.0, 886.0)
(1067.0, 886.0)
(1335.0, 886.0)
(379.0, 887.0)
(625.0, 887.0)
(961.0, 887.0)
(1236.0, 887.0)
(488.0, 888.0)
(813.0, 888.0)
(828.0, 888.0)
(1080.0, 888.0)
(1344.0, 888.0)
(1092.0, 889.0)
(251.0, 890.0)
(816.0, 890.0)
(959.0, 890.0)
(1234.0, 890.0)
(1904.0, 890.0)
(574.0, 891.0)
(746.0, 891.0)
(73.0, 892.0)
(580.0, 892.0)
(613.0, 892.0)
(1003.0, 892.0)
(1005.0, 892.0)
(1257.0, 892.0)
(448.0, 893.0)
(826.0, 893.0)
(954.0, 893.0)
(1082.0, 893.0)
(1269.0, 893.0)
(22.0, 894.0)
(272.0, 894.0)
(320.0, 894.0)
(744.0, 894.0)
(1271.0, 894.0)
(708.0, 895.0)
(751.0, 895.0)
(960.0, 895.0)
(68.0, 896.0)
(439.0, 896.0)
(599.0, 896.0)
(1006.0, 896.0)
(1859.0, 896.0)
(370.0, 897.0)
(429.0, 898.0)
(592.0, 898.0)
(720.0, 898.0)
(749.0, 898.0)
(957.0, 898.0)
(1256.0, 898.0)
(508.0, 899.0)
(754.0, 899.0)
(757.0, 899.0)
(823.0, 899.0)
(840.0, 899.0)
(1268.0, 899.0)
(1279.0, 899.0)
(1869.0, 899.0)
(246.0, 900.0)
(431.0, 900.0)
(965.0, 900.0)
(1271.0, 900.0)
(421.0, 901.0)
(1072.0, 901.0)
(1083.0, 901.0)
(1806.0, 901.0)
(575.0, 902.0)
(758.0, 902.0)
(1267.0, 902.0)
(1130.0, 903.0)
(61.0, 904.0)
(753.0, 904.0)
(838.0, 904.0)
(1886.0, 904.0)
(314.0, 905.0)
(808.0, 905.0)
(1131.0, 905.0)
(1795.0, 905.0)
(365.0, 906.0)
(1002.0, 906.0)
(1136.0, 906.0)
(244.0, 907.0)
(571.0, 907.0)
(588.0, 907.0)
(806.0, 907.0)
(314.0, 908.0)
(779.0, 908.0)
(1080.0, 908.0)
(1796.0, 908.0)
(1803.0, 908.0)
(572.0, 909.0)
(809.0, 909.0)
(821.0, 909.0)
(55.0, 911.0)
(560.0, 911.0)
(789.0, 912.0)
(561.0, 913.0)
(636.0, 913.0)
(1414.0, 913.0)
(1816.0, 913.0)
(60.0, 915.0)
(1314.0, 915.0)
(66.0, 916.0)
(848.0, 916.0)
(1203.0, 916.0)
(1325.0, 916.0)
(240.0, 917.0)
(418.0, 917.0)
(553.0, 917.0)
(15.0, 918.0)
(801.0, 918.0)
(816.0, 918.0)
(1008.0, 918.0)
(47.0, 919.0)
(473.0, 919.0)
(515.0, 919.0)
(649.0, 919.0)
(805.0, 919.0)
(846.0, 919.0)
(856.0, 919.0)
(1011.0, 919.0)
(1189.0, 920.0)
(542.0, 921.0)
(1313.0, 921.0)
(1315.0, 921.0)
(50.0, 922.0)
(855.0, 922.0)
(1348.0, 922.0)
(44.0, 923.0)
(67.0, 923.0)
(696.0, 923.0)
(808.0, 923.0)
(1050.0, 923.0)
(70.0, 924.0)
(306.0, 924.0)
(74.0, 925.0)
(632.0, 925.0)
(845.0, 925.0)
(1052.0, 925.0)
(1355.0, 925.0)
(234.0, 926.0)
(7.0, 927.0)
(306.0, 927.0)
(358.0, 927.0)
(888.0, 927.0)
(688.0, 928.0)
(853.0, 928.0)
(39.0, 929.0)
(450.0, 929.0)
(644.0, 929.0)
(679.0, 929.0)
(719.0, 929.0)
(805.0, 929.0)
(807.0, 930.0)
(915.0, 930.0)
(1048.0, 930.0)
(1050.0, 930.0)
(81.0, 931.0)
(414.0, 931.0)
(717.0, 931.0)
(814.0, 931.0)
(828.0, 931.0)
(37.0, 932.0)
(86.0, 932.0)
(303.0, 932.0)
(680.0, 932.0)
(831.0, 932.0)
(1037.0, 932.0)
(1070.0, 932.0)
(440.0, 933.0)
(687.0, 933.0)
(1046.0, 933.0)
(842.0, 934.0)
(1231.0, 934.0)
(1371.0, 934.0)
(38.0, 935.0)
(671.0, 935.0)
(1037.0, 935.0)
(1056.0, 935.0)
(230.0, 936.0)
(850.0, 936.0)
(916.0, 936.0)
(1062.0, 936.0)
(1071.0, 936.0)
(1375.0, 936.0)
(32.0, 937.0)
(264.0, 937.0)
(341.0, 937.0)
(1237.0, 937.0)
(446.0, 938.0)
(699.0, 938.0)
(933.0, 938.0)
(1043.0, 938.0)
(1064.0, 938.0)
(266.0, 939.0)
(662.0, 939.0)
(841.0, 939.0)
(1142.0, 939.0)
(960.0, 940.0)
(1370.0, 940.0)
(228.0, 941.0)
(824.0, 941.0)
(930.0, 941.0)
(1373.0, 942.0)
(645.0, 943.0)
(654.0, 943.0)
(801.0, 943.0)
(827.0, 943.0)
(300.0, 944.0)
(683.0, 944.0)
(804.0, 944.0)
(24.0, 945.0)
(939.0, 945.0)
(947.0, 945.0)
(962.0, 945.0)
(1118.0, 945.0)
(1382.0, 945.0)
(765.0, 946.0)
(1394.0, 946.0)
(298.0, 947.0)
(837.0, 947.0)
(950.0, 947.0)
(961.0, 947.0)
(446.0, 948.0)
(499.0, 948.0)
(952.0, 948.0)
(1102.0, 948.0)
(1397.0, 948.0)
(695.0, 949.0)
(950.0, 949.0)
(1105.0, 949.0)
(1337.0, 949.0)
(1368.0, 949.0)
(1485.0, 949.0)
(21.0, 950.0)
(224.0, 950.0)
(776.0, 950.0)
(357.0, 951.0)
(798.0, 951.0)
(825.0, 951.0)
(845.0, 951.0)
(15.0, 952.0)
(462.0, 952.0)
(801.0, 952.0)
(960.0, 952.0)
(915.0, 953.0)
(965.0, 953.0)
(1184.0, 953.0)
(1392.0, 953.0)
(13.0, 954.0)
(463.0, 954.0)
(1395.0, 954.0)
(606.0, 955.0)
(959.0, 955.0)
(452.0, 956.0)
(698.0, 956.0)
(1193.0, 956.0)
(494.0, 957.0)
(989.0, 957.0)
(982.0, 958.0)
(13.0, 959.0)
(963.0, 959.0)
(988.0, 959.0)
(1389.0, 959.0)
(354.0, 960.0)
(1393.0, 960.0)
(292.0, 961.0)
(531.0, 961.0)
(963.0, 961.0)
(977.0, 961.0)
(386.0, 963.0)
(975.0, 963.0)
(1304.0, 963.0)
(261.0, 964.0)
(264.0, 964.0)
(650.0, 964.0)
(575.0, 965.0)
(911.0, 965.0)
(964.0, 965.0)
(972.0, 965.0)
(266.0, 966.0)
(434.0, 966.0)
(494.0, 967.0)
(685.0, 967.0)
(833.0, 967.0)
(917.0, 967.0)
(969.0, 967.0)
(13.0, 968.0)
(783.0, 968.0)
(994.0, 968.0)
(1148.0, 968.0)
(395.0, 969.0)
(966.0, 969.0)
(425.0, 970.0)
(527.0, 970.0)
(962.0, 970.0)
(1002.0, 970.0)
(1175.0, 970.0)
(989.0, 971.0)
(1203.0, 971.0)
(1232.0, 971.0)
(383.0, 972.0)
(968.0, 972.0)
(1337.0, 972.0)
(974.0, 973.0)
(977.0, 973.0)
(1000.0, 973.0)
(1117.0, 973.0)
(1119.0, 973.0)
(1202.0, 973.0)
(367.0, 974.0)
(829.0, 974.0)
(987.0, 974.0)
(991.0, 974.0)
(993.0, 974.0)
(1336.0, 975.0)
(22.0, 976.0)
(62.0, 976.0)
(286.0, 976.0)
(409.0, 976.0)
(423.0, 976.0)
(779.0, 976.0)
(782.0, 976.0)
(789.0, 976.0)
(828.0, 976.0)
(1117.0, 976.0)
(347.0, 977.0)
(362.0, 977.0)
(439.0, 977.0)
(1131.0, 977.0)
(1191.0, 977.0)
(1194.0, 977.0)
(781.0, 978.0)
(963.0, 978.0)
(966.0, 978.0)
(75.0, 979.0)
(1046.0, 979.0)
(1153.0, 979.0)
(27.0, 980.0)
(400.0, 980.0)
(580.0, 980.0)
(977.0, 980.0)
(435.0, 981.0)
(698.0, 981.0)
(956.0, 981.0)
(972.0, 981.0)
(1130.0, 981.0)
(793.0, 982.0)
(1343.0, 982.0)
(81.0, 983.0)
(698.0, 983.0)
(1329.0, 983.0)
(41.0, 984.0)
(833.0, 985.0)
(36.0, 986.0)
(94.0, 986.0)
(343.0, 986.0)
(386.0, 986.0)
(544.0, 986.0)
(1150.0, 986.0)
(418.0, 987.0)
(958.0, 987.0)
(90.0, 988.0)
(376.0, 988.0)
(788.0, 988.0)
(985.0, 988.0)
(1157.0, 988.0)
(577.0, 989.0)
(962.0, 989.0)
(589.0, 990.0)
(988.0, 990.0)
(430.0, 992.0)
(613.0, 993.0)
(654.0, 993.0)
(701.0, 993.0)
(962.0, 993.0)
(269.0, 994.0)
(278.0, 994.0)
(323.0, 994.0)
(582.0, 994.0)
(1034.0, 994.0)
(316.0, 995.0)
(473.0, 995.0)
(1068.0, 995.0)
(698.0, 996.0)
(1031.0, 996.0)
(317.0, 997.0)
(372.0, 997.0)
(784.0, 997.0)
(962.0, 997.0)
(326.0, 998.0)
(352.0, 998.0)
(596.0, 998.0)
(1356.0, 998.0)
(788.0, 999.0)
(1360.0, 999.0)
(267.0, 1000.0)
(485.0, 1000.0)
(573.0, 1000.0)
(597.0, 1000.0)
(708.0, 1000.0)
(978.0, 1000.0)
(1075.0, 1000.0)
(127.0, 1001.0)
(428.0, 1002.0)
(1361.0, 1002.0)
(1375.0, 1002.0)
(257.0, 1003.0)
(545.0, 1003.0)
(705.0, 1003.0)
(987.0, 1003.0)
(1106.0, 1003.0)
(1108.0, 1003.0)
(141.0, 1004.0)
(1078.0, 1004.0)
(273.0, 1005.0)
(713.0, 1005.0)
(977.0, 1005.0)
(1364.0, 1005.0)
(468.0, 1006.0)
(536.0, 1006.0)
(768.0, 1006.0)
(980.0, 1006.0)
(139.0, 1007.0)
(322.0, 1007.0)
(500.0, 1007.0)
(774.0, 1007.0)
(709.0, 1008.0)
(767.0, 1008.0)
(985.0, 1008.0)
(1393.0, 1008.0)
(492.0, 1009.0)
(978.0, 1009.0)
(1396.0, 1009.0)
(808.0, 1010.0)
(974.0, 1010.0)
(1110.0, 1010.0)
(1352.0, 1010.0)
(319.0, 1011.0)
(480.0, 1011.0)
(855.0, 1011.0)
(945.0, 1011.0)
(254.0, 1012.0)
(663.0, 1012.0)
(739.0, 1012.0)
(814.0, 1012.0)
(952.0, 1012.0)
(313.0, 1013.0)
(320.0, 1013.0)
(983.0, 1013.0)
(1034.0, 1013.0)
(1141.0, 1013.0)
(957.0, 1014.0)
(1122.0, 1014.0)
(315.0, 1015.0)
(978.0, 1015.0)
(982.0, 1015.0)
(1024.0, 1015.0)
(1099.0, 1015.0)
(1324.0, 1015.0)
(226.0, 1016.0)
(471.0, 1016.0)
(749.0, 1016.0)
(1149.0, 1016.0)
(1393.0, 1016.0)
(228.0, 1017.0)
(375.0, 1017.0)
(963.0, 1017.0)
(1020.0, 1017.0)
(1099.0, 1017.0)
(1131.0, 1017.0)
(1331.0, 1017.0)
(1023.0, 1018.0)
(1034.0, 1018.0)
(1073.0, 1018.0)
(528.0, 1019.0)
(866.0, 1019.0)
(873.0, 1019.0)
(1149.0, 1019.0)
(764.0, 1020.0)
(805.0, 1020.0)
(941.0, 1020.0)
(1068.0, 1020.0)
(658.0, 1021.0)
(241.0, 1022.0)
(1311.0, 1022.0)
(115.0, 1023.0)
(541.0, 1023.0)
(769.0, 1023.0)
(810.0, 1023.0)
(869.0, 1023.0)
(1143.0, 1023.0)
(1343.0, 1023.0)
(863.0, 1024.0)
(1012.0, 1024.0)
(1019.0, 1024.0)
(1040.0, 1024.0)
(1050.0, 1024.0)
(455.0, 1025.0)
(805.0, 1025.0)
(946.0, 1025.0)
(33.0, 1026.0)
(371.0, 1026.0)
(446.0, 1026.0)
(861.0, 1026.0)
(1010.0, 1026.0)
(1063.0, 1026.0)
(866.0, 1027.0)
(1322.0, 1027.0)
(401.0, 1028.0)
(525.0, 1028.0)
(953.0, 1028.0)
(1016.0, 1028.0)
(1018.0, 1028.0)
(1027.0, 1028.0)
(809.0, 1029.0)
(942.0, 1029.0)
(948.0, 1029.0)
(1328.0, 1029.0)
(1380.0, 1029.0)
(381.0, 1030.0)
(402.0, 1030.0)
(408.0, 1030.0)
(439.0, 1030.0)
(802.0, 1030.0)
(865.0, 1030.0)
(898.0, 1030.0)
(1058.0, 1030.0)
(853.0, 1031.0)
(1025.0, 1031.0)
(431.0, 1032.0)
(752.0, 1032.0)
(1017.0, 1032.0)
(1060.0, 1032.0)
(537.0, 1033.0)
(758.0, 1033.0)
(1024.0, 1033.0)
(1043.0, 1033.0)
(372.0, 1034.0)
(432.0, 1034.0)
(677.0, 1034.0)
(1180.0, 1034.0)
(1383.0, 1034.0)
(951.0, 1035.0)
(956.0, 1035.0)
(1041.0, 1035.0)
(1058.0, 1035.0)
(677.0, 1036.0)
(1092.0, 1036.0)
(101.0, 1037.0)
(750.0, 1037.0)
(859.0, 1037.0)
(675.0, 1038.0)
(904.0, 1038.0)
(926.0, 1038.0)
(1047.0, 1038.0)
(404.0, 1039.0)
(782.0, 1039.0)
(787.0, 1039.0)
(892.0, 1039.0)
(583.0, 1040.0)
(587.0, 1040.0)
(874.0, 1040.0)
(1013.0, 1040.0)
(35.0, 1041.0)
(585.0, 1041.0)
(856.0, 1041.0)
(661.0, 1042.0)
(850.0, 1042.0)
(858.0, 1042.0)
(880.0, 1042.0)
(932.0, 1042.0)
(1044.0, 1042.0)
(495.0, 1043.0)
(885.0, 1043.0)
(1018.0, 1043.0)
(1021.0, 1043.0)
(1048.0, 1043.0)
(917.0, 1044.0)
(946.0, 1044.0)
(599.0, 1045.0)
(783.0, 1045.0)
(791.0, 1045.0)
(878.0, 1045.0)
(1142.0, 1045.0)
(1192.0, 1045.0)
(46.0, 1046.0)
(851.0, 1046.0)
(1376.0, 1046.0)
(69.0, 1047.0)
(883.0, 1047.0)
(1035.0, 1047.0)
(1048.0, 1047.0)
(791.0, 1048.0)
(1020.0, 1048.0)
(53.0, 1049.0)
(259.0, 1049.0)
(476.0, 1049.0)
(395.0, 1050.0)
(458.0, 1050.0)
(1013.0, 1050.0)
(1032.0, 1050.0)
(1042.0, 1050.0)
(1201.0, 1050.0)
(1381.0, 1050.0)
(387.0, 1051.0)
(477.0, 1051.0)
(581.0, 1051.0)
(933.0, 1051.0)
(1176.0, 1051.0)
(1203.0, 1051.0)
(723.0, 1052.0)
(1034.0, 1052.0)
(1036.0, 1052.0)
(64.0, 1053.0)
(388.0, 1053.0)
(424.0, 1053.0)
(1017.0, 1053.0)
(945.0, 1054.0)
(1020.0, 1054.0)
(378.0, 1055.0)
(425.0, 1055.0)
(466.0, 1055.0)
(1196.0, 1055.0)
(375.0, 1056.0)
(594.0, 1056.0)
(606.0, 1056.0)
(733.0, 1056.0)
(759.0, 1056.0)
(1045.0, 1056.0)
(378.0, 1057.0)
(1051.0, 1057.0)
(1015.0, 1058.0)
(1025.0, 1058.0)
(1251.0, 1058.0)
(281.0, 1059.0)
(454.0, 1059.0)
(1209.0, 1060.0)
(368.0, 1061.0)
(894.0, 1061.0)
(1197.0, 1061.0)
(1268.0, 1061.0)
(443.0, 1062.0)
(490.0, 1062.0)
(1041.0, 1062.0)
(1079.0, 1062.0)
(360.0, 1063.0)
(874.0, 1063.0)
(1006.0, 1063.0)
(1205.0, 1063.0)
(1369.0, 1063.0)
(195.0, 1064.0)
(650.0, 1064.0)
(1001.0, 1064.0)
(1089.0, 1064.0)
(1253.0, 1064.0)
(309.0, 1065.0)
(756.0, 1065.0)
(944.0, 1065.0)
(1376.0, 1065.0)
(628.0, 1066.0)
(759.0, 1066.0)
(1045.0, 1066.0)
(100.0, 1067.0)
(194.0, 1067.0)
(908.0, 1067.0)
(1197.0, 1067.0)
(1200.0, 1067.0)
(1194.0, 1068.0)
(1215.0, 1068.0)
(1102.0, 1069.0)
(1266.0, 1069.0)
(1020.0, 1070.0)
(1172.0, 1070.0)
(1372.0, 1070.0)
(111.0, 1071.0)
(150.0, 1071.0)
(199.0, 1071.0)
(345.0, 1071.0)
(632.0, 1071.0)
(751.0, 1071.0)
(958.0, 1071.0)
(1010.0, 1071.0)
(1202.0, 1071.0)
(299.0, 1072.0)
(1036.0, 1072.0)
(1111.0, 1072.0)
(1192.0, 1072.0)
(1274.0, 1072.0)
(424.0, 1073.0)
(1195.0, 1073.0)
(1291.0, 1073.0)
(333.0, 1074.0)
(1028.0, 1074.0)
(1042.0, 1074.0)
(1086.0, 1074.0)
(645.0, 1075.0)
(937.0, 1075.0)
(1023.0, 1076.0)
(923.0, 1077.0)
(935.0, 1077.0)
(1033.0, 1077.0)
(1123.0, 1077.0)
(1286.0, 1077.0)
(1370.0, 1077.0)
(1099.0, 1078.0)
(1196.0, 1078.0)
(1206.0, 1078.0)
(180.0, 1079.0)
(753.0, 1079.0)
(1191.0, 1079.0)
(230.0, 1080.0)
(399.0, 1080.0)
(1022.0, 1080.0)
(931.0, 1081.0)
(941.0, 1081.0)
(1040.0, 1081.0)
(1107.0, 1081.0)
(540.0, 1082.0)
(590.0, 1082.0)
(1030.0, 1082.0)
(1032.0, 1082.0)
(1201.0, 1082.0)
(1368.0, 1082.0)
(177.0, 1083.0)
(400.0, 1083.0)
(1370.0, 1083.0)
(317.0, 1084.0)
(657.0, 1084.0)
(896.0, 1084.0)
(1006.0, 1084.0)
(1024.0, 1084.0)
(1039.0, 1084.0)
(1176.0, 1084.0)
(167.0, 1085.0)
(320.0, 1085.0)
(767.0, 1085.0)
(1173.0, 1085.0)
(388.0, 1086.0)
(952.0, 1086.0)
(657.0, 1087.0)
(1120.0, 1087.0)
(314.0, 1088.0)
(389.0, 1088.0)
(1173.0, 1088.0)
(317.0, 1089.0)
(655.0, 1089.0)
(1064.0, 1089.0)
(573.0, 1090.0)
(1001.0, 1090.0)
(1208.0, 1090.0)
(536.0, 1091.0)
(1229.0, 1092.0)
(314.0, 1093.0)
(378.0, 1093.0)
(1154.0, 1093.0)
(312.0, 1094.0)
(1011.0, 1094.0)
(1015.0, 1094.0)
(1221.0, 1094.0)
(1234.0, 1094.0)
(358.0, 1095.0)
(573.0, 1095.0)
(828.0, 1095.0)
(1064.0, 1095.0)
(1157.0, 1095.0)
(1719.0, 1095.0)
(166.0, 1096.0)
(311.0, 1096.0)
(317.0, 1096.0)
(1061.0, 1096.0)
(1230.0, 1096.0)
(1366.0, 1096.0)
(991.0, 1097.0)
(316.0, 1098.0)
(824.0, 1098.0)
(1360.0, 1098.0)
(239.0, 1099.0)
(997.0, 1099.0)
(1022.0, 1099.0)
(1169.0, 1099.0)
(824.0, 1100.0)
(834.0, 1100.0)
(1159.0, 1100.0)
(1232.0, 1100.0)
(358.0, 1101.0)
(821.0, 1102.0)
(1148.0, 1102.0)
(252.0, 1103.0)
(569.0, 1103.0)
(1021.0, 1103.0)
(1152.0, 1103.0)
(1181.0, 1103.0)
(381.0, 1104.0)
(1003.0, 1104.0)
(1364.0, 1104.0)
(1144.0, 1105.0)
(252.0, 1106.0)
(1156.0, 1106.0)
(1180.0, 1106.0)
(1012.0, 1107.0)
(1160.0, 1107.0)
(1353.0, 1107.0)
(823.0, 1108.0)
(1014.0, 1108.0)
(1364.0, 1108.0)
(862.0, 1109.0)
(1157.0, 1109.0)
(763.0, 1110.0)
(771.0, 1110.0)
(1147.0, 1110.0)
(267.0, 1111.0)
(392.0, 1111.0)
(766.0, 1111.0)
(1005.0, 1111.0)
(1177.0, 1111.0)
(1362.0, 1111.0)
(984.0, 1112.0)
(1181.0, 1112.0)
(377.0, 1113.0)
(395.0, 1113.0)
(1144.0, 1113.0)
(1149.0, 1113.0)
(1166.0, 1113.0)
(380.0, 1114.0)
(622.0, 1114.0)
(763.0, 1114.0)
(770.0, 1114.0)
(988.0, 1114.0)
(1183.0, 1114.0)
(1188.0, 1114.0)
(1167.0, 1115.0)
(1226.0, 1115.0)
(844.0, 1116.0)
(1356.0, 1116.0)
(390.0, 1117.0)
(863.0, 1117.0)
(1184.0, 1117.0)
(1061.0, 1118.0)
(1152.0, 1118.0)
(374.0, 1119.0)
(393.0, 1119.0)
(420.0, 1119.0)
(697.0, 1119.0)
(981.0, 1119.0)
(1233.0, 1119.0)
(378.0, 1121.0)
(654.0, 1121.0)
(985.0, 1121.0)
(1160.0, 1121.0)
(1183.0, 1121.0)
(1185.0, 1121.0)
(857.0, 1122.0)
(387.0, 1123.0)
(619.0, 1123.0)
(707.0, 1123.0)
(990.0, 1123.0)
(655.0, 1124.0)
(1008.0, 1124.0)
(1173.0, 1124.0)
(1246.0, 1124.0)
(392.0, 1125.0)
(630.0, 1125.0)
(632.0, 1125.0)
(435.0, 1126.0)
(1058.0, 1126.0)
(1349.0, 1126.0)
(1197.0, 1127.0)
(1254.0, 1127.0)
(651.0, 1128.0)
(656.0, 1128.0)
(1066.0, 1128.0)
(1181.0, 1128.0)
(1230.0, 1128.0)
(659.0, 1129.0)
(718.0, 1130.0)
(1021.0, 1130.0)
(722.0, 1131.0)
(656.0, 1132.0)
(728.0, 1132.0)
(1059.0, 1132.0)
(1266.0, 1132.0)
(662.0, 1133.0)
(1079.0, 1133.0)
(1243.0, 1133.0)
(1646.0, 1133.0)
(637.0, 1134.0)
(660.0, 1135.0)
(1139.0, 1135.0)
(264.0, 1136.0)
(1251.0, 1136.0)
(1352.0, 1136.0)
(637.0, 1137.0)
(667.0, 1137.0)
(1087.0, 1137.0)
(1199.0, 1138.0)
(635.0, 1139.0)
(1203.0, 1139.0)
(664.0, 1140.0)
(1351.0, 1140.0)
(1263.0, 1141.0)
(465.0, 1142.0)
(479.0, 1142.0)
(925.0, 1142.0)
(1099.0, 1142.0)
(1205.0, 1142.0)
(468.0, 1143.0)
(713.0, 1143.0)
(722.0, 1144.0)
(304.0, 1146.0)
(465.0, 1146.0)
(462.0, 1147.0)
(465.0, 1148.0)
(467.0, 1148.0)
(886.0, 1148.0)
(1101.0, 1148.0)
(859.0, 1149.0)
(889.0, 1149.0)
(462.0, 1150.0)
(459.0, 1151.0)
(464.0, 1152.0)
(642.0, 1152.0)
(1347.0, 1152.0)
(867.0, 1153.0)
(1190.0, 1153.0)
(466.0, 1154.0)
(493.0, 1154.0)
(636.0, 1154.0)
(458.0, 1155.0)
(872.0, 1155.0)
(879.0, 1155.0)
(492.0, 1157.0)
(638.0, 1157.0)
(1345.0, 1157.0)
(386.0, 1158.0)
(464.0, 1158.0)
(646.0, 1158.0)
(884.0, 1158.0)
(932.0, 1158.0)
(381.0, 1159.0)
(643.0, 1161.0)
(382.0, 1162.0)
(385.0, 1162.0)
(1329.0, 1162.0)
(652.0, 1163.0)
(864.0, 1163.0)
(801.0, 1164.0)
(869.0, 1164.0)
(655.0, 1165.0)
(852.0, 1165.0)
(872.0, 1165.0)
(967.0, 1165.0)
(541.0, 1166.0)
(649.0, 1167.0)
(1342.0, 1167.0)
(414.0, 1169.0)
(814.0, 1169.0)
(861.0, 1169.0)
(374.0, 1170.0)
(409.0, 1170.0)
(849.0, 1170.0)
(386.0, 1171.0)
(414.0, 1171.0)
(550.0, 1171.0)
(383.0, 1172.0)
(823.0, 1172.0)
(413.0, 1173.0)
(555.0, 1173.0)
(848.0, 1173.0)
(1341.0, 1173.0)
(386.0, 1174.0)
(410.0, 1174.0)
(798.0, 1174.0)
(860.0, 1174.0)
(984.0, 1174.0)
(414.0, 1175.0)
(385.0, 1176.0)
(411.0, 1176.0)
(859.0, 1176.0)
(874.0, 1176.0)
(965.0, 1176.0)
(992.0, 1176.0)
(1205.0, 1176.0)
(389.0, 1177.0)
(835.0, 1177.0)
(383.0, 1178.0)
(548.0, 1178.0)
(413.0, 1179.0)
(701.0, 1179.0)
(810.0, 1179.0)
(415.0, 1180.0)
(552.0, 1180.0)
(981.0, 1181.0)
(819.0, 1182.0)
(1054.0, 1183.0)
(1210.0, 1183.0)
(546.0, 1184.0)
(698.0, 1184.0)
(853.0, 1184.0)
(913.0, 1184.0)
(549.0, 1185.0)
(989.0, 1185.0)
(1200.0, 1185.0)
(418.0, 1186.0)
(703.0, 1186.0)
(976.0, 1186.0)
(1336.0, 1186.0)
(832.0, 1187.0)
(983.0, 1187.0)
(1204.0, 1187.0)
(1223.0, 1188.0)
(612.0, 1189.0)
(1064.0, 1189.0)
(989.0, 1191.0)
(1231.0, 1191.0)
(859.0, 1192.0)
(330.0, 1194.0)
(1002.0, 1194.0)
(1208.0, 1194.0)
(867.0, 1195.0)
(906.0, 1195.0)
(908.0, 1196.0)
(1244.0, 1196.0)
(461.0, 1197.0)
(1206.0, 1197.0)
(843.0, 1198.0)
(996.0, 1199.0)
(1222.0, 1199.0)
(329.0, 1200.0)
(849.0, 1200.0)
(851.0, 1201.0)
(992.0, 1201.0)
(997.0, 1202.0)
(1245.0, 1202.0)
(691.0, 1203.0)
(993.0, 1203.0)
(1220.0, 1203.0)
(696.0, 1205.0)
(591.0, 1207.0)
(457.0, 1208.0)
(466.0, 1208.0)
(473.0, 1208.0)
(1033.0, 1208.0)
(1325.0, 1208.0)
(840.0, 1209.0)
(845.0, 1210.0)
(897.0, 1211.0)
(1068.0, 1211.0)
(674.0, 1212.0)
(1027.0, 1212.0)
(474.0, 1213.0)
(1030.0, 1213.0)
(1140.0, 1215.0)
(1325.0, 1215.0)
(905.0, 1216.0)
(484.0, 1217.0)
(1139.0, 1217.0)
(482.0, 1218.0)
(712.0, 1219.0)
(487.0, 1220.0)
(1067.0, 1221.0)
(1155.0, 1222.0)
(527.0, 1223.0)
(1154.0, 1224.0)
(505.0, 1225.0)
(509.0, 1225.0)
(502.0, 1226.0)
(704.0, 1226.0)
(902.0, 1226.0)
(1315.0, 1226.0)
(504.0, 1227.0)
(514.0, 1228.0)
(709.0, 1228.0)
(520.0, 1229.0)
(776.0, 1229.0)
(516.0, 1230.0)
(681.0, 1230.0)
(1604.0, 1230.0)
(260.0, 1231.0)
(523.0, 1231.0)
(594.0, 1231.0)
(1319.0, 1231.0)
(596.0, 1232.0)
(682.0, 1232.0)
(706.0, 1232.0)
(1082.0, 1232.0)
(770.0, 1234.0)
(789.0, 1235.0)
(798.0, 1238.0)
(1173.0, 1239.0)
(1185.0, 1239.0)
(696.0, 1240.0)
(1132.0, 1240.0)
(1262.0, 1240.0)
(1177.0, 1241.0)
(1253.0, 1242.0)
(810.0, 1243.0)
(1136.0, 1246.0)
(1188.0, 1246.0)
(1138.0, 1248.0)
(812.0, 1249.0)
(1058.0, 1249.0)
(1143.0, 1249.0)
(669.0, 1250.0)
(260.0, 1251.0)
(1116.0, 1251.0)
(1128.0, 1251.0)
(1169.0, 1251.0)
(1201.0, 1251.0)
(884.0, 1252.0)
(1120.0, 1252.0)
(1250.0, 1252.0)
(573.0, 1253.0)
(1060.0, 1253.0)
(1137.0, 1253.0)
(1209.0, 1254.0)
(1227.0, 1255.0)
(1063.0, 1256.0)
(259.0, 1257.0)
(1138.0, 1258.0)
(934.0, 1259.0)
(1221.0, 1259.0)
(840.0, 1261.0)
(1064.0, 1261.0)
(718.0, 1262.0)
(1255.0, 1262.0)
(1008.0, 1263.0)
(1165.0, 1263.0)
(1310.0, 1263.0)
(254.0, 1264.0)
(970.0, 1264.0)
(1101.0, 1264.0)
(1109.0, 1264.0)
(1040.0, 1265.0)
(1268.0, 1265.0)
(606.0, 1266.0)
(1109.0, 1267.0)
(1114.0, 1267.0)
(1011.0, 1268.0)
(1254.0, 1268.0)
(1142.0, 1269.0)
(1269.0, 1269.0)
(713.0, 1271.0)
(1108.0, 1271.0)
(1140.0, 1271.0)
(1115.0, 1272.0)
(1167.0, 1272.0)
(1243.0, 1272.0)
(1113.0, 1273.0)
(1668.0, 1273.0)
(966.0, 1274.0)
(1140.0, 1275.0)
(1242.0, 1275.0)
(1250.0, 1275.0)
(1143.0, 1276.0)
(1159.0, 1276.0)
(1240.0, 1279.0)
(1266.0, 1279.0)
(1295.0, 1279.0)
(1093.0, 1280.0)
(1157.0, 1280.0)
(1155.0, 1281.0)
(1246.0, 1281.0)
(710.0, 1282.0)
(716.0, 1282.0)
(791.0, 1282.0)
(1304.0, 1282.0)
(1083.0, 1284.0)
(1155.0, 1284.0)
(687.0, 1285.0)
(1589.0, 1285.0)
(559.0, 1287.0)
(711.0, 1287.0)
(1268.0, 1287.0)
(1292.0, 1287.0)
(1104.0, 1288.0)
(1280.0, 1288.0)
(1822.0, 1288.0)
(699.0, 1289.0)
(706.0, 1289.0)
(795.0, 1289.0)
(1107.0, 1289.0)
(1154.0, 1289.0)
(783.0, 1290.0)
(1285.0, 1290.0)
(1300.0, 1290.0)
(690.0, 1291.0)
(769.0, 1291.0)
(1152.0, 1291.0)
(1287.0, 1292.0)
(793.0, 1293.0)
(807.0, 1293.0)
(1105.0, 1294.0)
(1112.0, 1294.0)
(1116.0, 1294.0)
(739.0, 1295.0)
(758.0, 1295.0)
(826.0, 1295.0)
(830.0, 1295.0)
(1134.0, 1295.0)
(1152.0, 1295.0)
(805.0, 1297.0)
(1133.0, 1297.0)
(738.0, 1298.0)
(766.0, 1298.0)
(822.0, 1298.0)
(1153.0, 1298.0)
(826.0, 1299.0)
(938.0, 1299.0)
(946.0, 1300.0)
(1102.0, 1300.0)
(1281.0, 1300.0)
(741.0, 1301.0)
(1263.0, 1301.0)
(1285.0, 1301.0)
(1152.0, 1302.0)
(1167.0, 1302.0)
(728.0, 1303.0)
(1149.0, 1303.0)
(1293.0, 1303.0)
(827.0, 1304.0)
(1129.0, 1304.0)
(1280.0, 1304.0)
(1024.0, 1305.0)
(1126.0, 1305.0)
(1148.0, 1305.0)
(1028.0, 1306.0)
(1181.0, 1307.0)
(740.0, 1308.0)
(1148.0, 1308.0)
(1190.0, 1309.0)
(1136.0, 1310.0)
(1089.0, 1311.0)
(1147.0, 1311.0)
(1164.0, 1311.0)
(738.0, 1312.0)
(1145.0, 1313.0)
(1201.0, 1314.0)
(1142.0, 1315.0)
(1111.0, 1317.0)
(1177.0, 1317.0)
(1102.0, 1319.0)
(1185.0, 1320.0)
(1284.0, 1321.0)
(1269.0, 1322.0)
(1288.0, 1322.0)
(783.0, 1323.0)
(1029.0, 1323.0)
(1198.0, 1324.0)
(1100.0, 1325.0)
(798.0, 1326.0)
(781.0, 1327.0)
(1123.0, 1328.0)
(793.0, 1329.0)
(1107.0, 1330.0)
(1274.0, 1330.0)
(1280.0, 1330.0)
(797.0, 1332.0)
(1124.0, 1332.0)
(1135.0, 1332.0)
(1265.0, 1332.0)
(1284.0, 1332.0)
(1031.0, 1333.0)
(1088.0, 1334.0)
(1138.0, 1334.0)
(1113.0, 1335.0)
(1274.0, 1336.0)
(1136.0, 1337.0)
(1113.0, 1338.0)
(1254.0, 1340.0)
(808.0, 1341.0)
(1261.0, 1341.0)
(811.0, 1342.0)
(1258.0, 1345.0)
(1270.0, 1345.0)
(848.0, 1346.0)
(1273.0, 1346.0)
(828.0, 1347.0)
(888.0, 1348.0)
(867.0, 1349.0)
(839.0, 1350.0)
(1098.0, 1350.0)
(836.0, 1351.0)
(860.0, 1351.0)
(866.0, 1353.0)
(1102.0, 1353.0)
(1106.0, 1353.0)
(855.0, 1356.0)
(1254.0, 1356.0)
(867.0, 1358.0)
(869.0, 1360.0)
(879.0, 1360.0)
(1256.0, 1362.0)
(1274.0, 1362.0)
(727.0, 1363.0)
(1144.0, 1367.0)
(1249.0, 1368.0)
(896.0, 1369.0)
(1137.0, 1371.0)
(1157.0, 1372.0)
(905.0, 1373.0)
(1269.0, 1373.0)
(1165.0, 1375.0)
(909.0, 1377.0)
(939.0, 1377.0)
(1131.0, 1379.0)
(1178.0, 1380.0)
(918.0, 1381.0)
(924.0, 1382.0)
(1144.0, 1384.0)
(975.0, 1385.0)
(1265.0, 1385.0)
(965.0, 1386.0)
(1180.0, 1386.0)
(936.0, 1387.0)
(970.0, 1387.0)
(1130.0, 1387.0)
(1150.0, 1388.0)
(1233.0, 1388.0)
(951.0, 1389.0)
(962.0, 1389.0)
(1139.0, 1389.0)
(969.0, 1390.0)
(986.0, 1391.0)
(995.0, 1391.0)
(1149.0, 1391.0)
(967.0, 1392.0)
(959.0, 1393.0)
(964.0, 1393.0)
(1075.0, 1395.0)
(1162.0, 1395.0)
(1211.0, 1395.0)
(1256.0, 1396.0)
(976.0, 1397.0)
(1218.0, 1398.0)
(1214.0, 1399.0)
(1225.0, 1399.0)
(977.0, 1401.0)
(1020.0, 1402.0)
(1064.0, 1402.0)
(1208.0, 1402.0)
(981.0, 1403.0)
(987.0, 1403.0)
(1027.0, 1404.0)
(1216.0, 1404.0)
(1014.0, 1405.0)
(1224.0, 1405.0)
(991.0, 1406.0)
(996.0, 1409.0)
(1012.0, 1410.0)
(1003.0, 1412.0)
(1040.0, 1414.0)
(1015.0, 1416.0)
(1034.0, 1419.0)
(1075.0, 1419.0)
(1050.0, 1421.0)
(1084.0, 1423.0)
(1089.0, 1424.0)
(1085.0, 1426.0)
(1047.0, 1428.0)
(1098.0, 1428.0)
