146 29
116 44
117 51
72 56
118 66
118 73
120 87
120 93
204 99
121 108
175 109
168 110
110 111
156 111
163 112
116 115
122 115
1864 119
123 139
1916 141
1875 155
125 157
1859 161
1817 175
197 179
127 180
173 181
1800 181
1759 195
128 199
1741 201
1911 213
1895 219
1682 221
130 222
1680 222
1853 235
1876 235
1638 236
1587 238
131 239
1836 241
1856 242
1858 242
1619 243
1879 243
1590 245
1563 246
1571 246
1568 247
1861 250
1896 250
1575 251
1432 252
1568 254
1566 255
1794 256
1421 257
1575 258
1411 261
1778 263
133 264
157 264
1557 264
1438 269
1427 270
1436 271
1428 273
1431 273
1417 275
1512 279
1734 279
135 283
1718 285
1493 286
1420 287
1430 295
1432 300
1418 301
1674 301
1408 302
1447 302
1423 304
1329 305
1419 305
136 306
1429 308
1656 308
1411 310
1405 316
1396 319
1517 323
1381 324
1612 324
1594 330
1362 331
1707 333
1447 334
1349 335
1645 335
1363 337
1640 337
1351 341
1329 342
1848 342
1345 343
1350 344
1366 344
1845 344
1341 345
1347 345
1456 345
1663 345
1315 347
1451 347
1549 347
140 349
1354 349
1851 349
1605 350
1847 350
1829 351
1348 352
1822 352
1847 352
1344 353
1825 353
1295 354
1530 354
1855 356
1587 357
1827 357
1831 358
1281 359
1661 359
1477 362
1261 366
1468 366
141 367
1638 367
1478 368
1247 371
1484 371
1587 371
1595 371
1469 372
1467 377
1226 378
1882 382
1212 383
1786 385
1343 386
1916 387
143 390
1191 390
1546 390
1730 390
1875 390
1911 392
1767 394
1892 394
1177 395
1419 395
1546 395
1899 395
1521 399
1528 399
1628 399
1599 400
1402 401
1157 402
1400 402
244 405
224 406
1673 406
1143 407
1273 407
1592 407
145 408
1491 410
178 411
157 412
1122 414
1845 415
1691 416
1107 419
1353 419
1670 420
1915 420
1470 421
1477 422
223 423
1528 423
1426 424
1463 424
1878 424
223 426
1334 426
1842 426
1881 427
1821 428
1681 429
1844 429
1899 429
193 430
1666 430
1842 430
147 432
192 432
1661 432
1673 432
1879 432
1801 433
1422 434
228 436
1605 436
1650 436
1821 436
1878 436
133 437
1663 438
545 439
1820 439
1874 439
196 440
1642 440
1811 440
1821 442
1497 443
1759 443
1813 443
131 444
1285 444
1410 444
1469 444
1746 444
1750 444
1824 444
1848 444
1732 445
1756 445
193 446
1758 447
1785 447
1755 448
1611 449
148 450
198 451
1012 451
1266 451
1739 451
1843 451
1608 452
1826 452
1742 453
1737 455
1825 455
1817 456
401 457
991 457
1732 457
996 458
1363 458
1728 458
1826 458
1872 458
195 459
986 459
993 459
1008 459
1015 459
1818 459
1013 460
1752 460
1829 460
1727 461
1000 462
1755 462
983 463
1722 463
1728 463
1063 464
1720 464
1796 464
994 466
1724 466
988 468
1360 469
1216 470
1726 473
792 474
1846 474
150 475
1729 475
1690 476
1868 476
1873 476
1197 477
1332 477
1765 477
1858 477
1014 478
1868 478
1835 479
1766 480
1898 480
1486 481
1698 481
1819 481
1821 481
1896 481
1202 482
1270 482
1731 482
1840 482
1892 482
1192 484
1480 484
1730 485
1748 485
1788 485
993 486
1485 486
1188 487
1749 487
300 488
741 488
1113 488
1115 488
1488 488
1467 489
1894 489
1201 490
1483 490
1729 490
1103 491
1389 491
1774 491
1861 491
977 492
1274 492
1109 493
1270 493
152 494
786 495
798 495
1117 495
1147 495
1236 495
1813 495
1199 496
1470 496
1792 496
1810 496
1113 497
1767 497
1092 498
1107 498
1257 498
1263 498
1634 498
957 499
1255 499
1110 500
1189 501
1200 501
1816 501
1912 501
1259 502
1777 502
1095 503
1127 503
1812 503
770 504
1090 504
1612 504
1846 504
941 505
1616 505
1646 506
1900 506
317 507
1201 508
1566 508
1648 508
1377 509
1498 509
1817 509
1916 509
1469 510
1131 511
1463 512
1482 512
1511 512
1691 512
1907 512
920 513
219 514
1221 514
1471 514
1478 514
1350 515
1352 516
1392 516
1478 516
1485 516
154 517
1465 517
1813 517
805 518
904 518
1418 518
1522 518
1584 518
1667 518
1856 518
1479 519
1570 519
1137 520
1388 520
1671 520
1812 520
1914 521
1075 522
1467 522
259 523
1198 523
1465 523
1664 523
1810 523
641 526
778 526
883 526
1188 526
1426 526
1482 526
1707 526
1230 528
1669 528
1702 528
1055 529
261 530
1401 530
1707 530
1366 531
1439 531
1777 531
867 532
1437 532
1671 532
1487 533
1691 533
1066 534
1484 534
1634 534
1061 535
1440 535
1770 535
155 536
784 536
1485 536
813 538
1061 538
847 539
1048 539
1520 539
1852 539
1437 540
1768 540
1046 541
1048 541
1062 541
1068 541
1449 541
1617 541
1446 542
1514 542
1520 542
264 543
1047 543
1064 543
1377 543
1045 544
1485 544
831 545
1047 545
1058 545
1822 545
964 546
1516 546
777 547
961 547
1049 547
1451 547
787 548
1004 548
1364 549
1446 549
768 550
1412 550
1511 550
266 551
955 551
1248 551
1475 551
1653 552
1680 552
779 553
810 553
600 554
967 554
946 555
964 555
983 556
1393 556
1348 557
119 559
794 559
947 559
157 560
607 560
1766 560
303 561
1337 561
1658 561
1711 561
1762 561
1829 561
1850 561
1459 562
196 563
198 563
606 563
1442 563
1757 563
188 564
269 564
1320 564
1406 564
1683 565
1752 565
302 566
1607 566
1689 566
772 567
1405 567
1529 567
1618 567
1682 567
1709 567
327 568
1265 568
1527 568
1753 568
1593 569
1702 569
605 570
1519 570
301 571
801 571
973 571
1521 571
1832 571
271 572
1467 572
1524 572
1594 572
1620 572
1689 572
1527 573
1529 573
1728 573
1449 574
1457 574
796 575
1386 575
930 576
967 576
1370 576
1723 576
158 577
1675 577
190 578
1450 578
1458 578
977 579
1357 579
196 580
300 580
735 580
957 580
1380 580
1529 580
191 581
1517 581
1523 581
1597 581
171 582
1391 582
1403 582
1656 582
144 583
333 583
617 583
1355 583
1382 583
1408 583
1514 583
1523 583
197 584
278 584
909 584
1371 584
192 585
1648 585
189 586
299 586
1533 586
718 587
1373 587
1381 587
1644 587
1717 587
189 588
201 588
332 588
424 588
511 589
513 589
1199 589
1531 589
1709 589
190 590
470 590
1716 590
1728 590
594 591
1178 591
1525 591
1640 591
1904 591
496 592
1474 594
1477 594
298 595
696 595
1200 595
1456 595
1464 595
1699 595
1772 595
513 596
1360 596
1766 596
1196 597
1366 597
1475 597
196 598
370 598
611 599
1233 599
1262 599
1458 599
1465 599
1529 599
1776 599
160 600
520 600
1362 600
1486 600
239 601
514 601
680 601
1473 601
1480 601
1623 601
1839 602
1480 603
855 604
1768 604
1773 604
502 605
595 605
1223 605
1352 605
1360 605
1434 606
1607 606
1693 606
442 607
500 607
625 607
659 608
1240 608
1397 608
1687 608
435 610
950 610
1695 610
1748 610
168 611
835 611
1685 611
1893 611
1270 612
1396 612
1639 612
168 613
172 613
573 613
853 613
1546 613
1681 613
423 614
608 614
1318 614
1679 614
642 615
851 615
1235 615
1471 615
1677 615
1682 615
167 616
1423 616
1463 616
1544 616
1631 616
175 617
416 617
598 617
951 617
1471 617
1536 617
1735 617
845 618
1677 618
556 619
663 619
1629 619
204 620
659 620
1493 620
403 621
1465 621
1472 621
1542 621
1630 621
1635 621
621 622
1487 622
410 623
835 623
1343 623
1536 623
1795 623
649 624
665 624
846 624
1425 624
1463 624
364 625
642 626
661 626
1234 626
639 627
168 628
170 628
174 628
384 628
1141 628
1397 628
205 629
604 629
1496 629
1616 629
416 630
651 630
1699 630
783 631
1364 631
1491 631
1546 631
1725 631
1761 631
1763 631
634 632
1153 632
1362 632
1689 632
417 633
644 633
1147 633
1540 633
1664 633
1698 633
1760 633
177 634
1331 634
168 635
1470 635
1475 635
1637 635
1077 636
1641 636
1666 636
416 637
582 637
1075 637
1638 637
939 638
1232 638
1365 638
1074 639
1244 639
1471 639
1477 639
1479 639
1554 639
169 640
177 640
614 640
759 640
1423 640
1068 641
1080 641
1690 641
318 642
413 642
936 642
1118 642
1243 642
1417 642
1548 642
1555 642
1623 642
1643 642
300 643
565 643
1080 643
1289 643
1469 643
1611 643
1628 643
1813 643
1893 643
309 644
342 644
610 644
1057 644
1077 644
1549 644
1556 644
1281 645
1447 645
1070 646
1168 646
1271 646
1056 647
1248 647
1370 647
1903 647
1280 648
1552 648
1627 648
1503 649
1890 649
305 650
1060 650
1275 650
1567 650
1625 650
1881 650
1901 650
544 651
1241 651
1497 651
1549 651
1646 651
1883 651
1270 652
1267 653
1547 653
425 654
1226 654
1378 654
1555 654
665 655
1152 655
1382 655
1413 655
1491 655
1731 655
1558 656
1610 656
168 657
527 657
1263 657
1496 657
314 658
1558 658
302 659
308 659
319 659
1203 659
1271 659
1376 659
1403 659
1497 659
705 660
1200 660
1254 660
1486 660
1718 660
126 661
296 661
1404 661
1479 661
1619 661
321 662
405 662
655 662
1173 662
1558 662
306 663
357 663
669 663
793 663
1342 663
1637 663
1658 663
656 664
1206 664
1344 664
1480 664
1487 664
1241 665
1651 665
282 666
647 666
221 667
311 667
1205 667
1454 667
317 668
684 668
1200 668
1659 668
1684 668
274 669
312 669
323 669
1189 669
1195 669
1652 669
1446 670
152 671
328 671
767 671
1191 671
1355 671
1561 671
487 672
1161 672
1273 672
1565 672
1682 672
1256 673
1293 673
1553 673
261 674
1162 674
1267 674
1291 674
1556 674
1560 674
1578 675
311 676
1159 676
1590 676
254 677
1656 677
434 678
1016 678
1373 678
1376 678
1378 679
466 680
742 680
1291 681
239 682
975 682
1254 682
1322 682
1470 682
1493 682
1160 683
1486 683
1660 683
360 684
219 685
1155 685
1158 685
1311 685
1323 685
1252 686
1434 686
1495 686
1505 686
103 687
157 687
220 687
1321 687
1368 687
1406 687
1512 687
1886 687
354 688
630 688
1425 688
1506 688
405 689
102 690
324 690
717 690
1432 690
289 691
1156 691
1396 691
1425 691
1666 692
96 693
211 693
222 693
355 693
1348 693
99 694
997 694
101 695
362 695
1501 695
202 696
994 696
1262 696
607 697
1523 697
1668 697
1776 697
1887 697
326 698
1474 698
1519 698
169 699
1492 699
1503 699
1746 699
191 700
1652 700
1760 700
1887 700
1658 701
1744 701
1670 702
183 703
328 703
444 703
1223 703
1307 703
1674 703
228 704
1577 704
679 705
1745 705
1256 706
1515 706
1527 706
1669 706
341 707
1221 707
1395 707
169 708
334 708
338 708
1183 708
1888 708
366 709
666 709
1240 709
1661 709
1302 710
1583 710
1667 710
232 711
375 711
1132 711
1223 711
1400 711
1531 711
1184 712
345 713
1241 713
1582 713
1663 713
328 714
409 714
1311 714
1633 714
336 716
340 716
364 716
376 716
1266 716
1568 716
1637 716
1762 716
338 717
407 717
572 717
919 717
1304 717
551 718
570 718
1165 718
1571 718
1764 718
141 719
1279 719
396 720
411 720
1362 720
1473 720
1582 720
1590 720
564 721
1116 721
1575 721
387 722
389 722
567 722
1580 722
1916 722
127 724
398 724
628 724
1904 724
367 725
385 725
551 725
576 725
339 726
530 726
1532 726
1911 726
119 727
1900 727
392 728
1245 728
1583 728
390 729
1268 729
210 730
107 731
232 731
1251 731
1276 731
1892 731
1071 732
1347 732
203 733
205 733
1248 733
1564 733
99 734
201 734
1077 734
1570 734
1886 734
452 735
1171 735
316 736
382 736
379 737
214 738
590 738
1890 738
87 739
308 739
341 739
372 739
399 740
1196 740
1282 740
992 741
1194 741
1290 741
79 742
207 742
816 742
1292 742
1297 742
813 743
1198 743
1397 743
295 744
967 744
1195 744
371 745
1418 745
1432 745
68 746
288 746
374 746
1284 747
1135 748
1416 748
60 749
971 749
1388 749
1519 749
869 750
274 751
964 751
1133 751
1157 751
1577 751
200 752
584 752
1145 752
1279 752
1599 752
48 753
551 753
1311 753
268 754
362 754
374 754
1160 754
1273 754
1402 754
1763 754
964 755
1906 755
40 756
188 756
379 756
821 756
1391 757
1688 757
1704 757
256 758
351 758
963 758
349 759
1268 759
1495 759
3 760
298 760
334 760
735 760
248 761
1310 761
1387 761
1516 761
23 762
1492 762
1659 762
1385 763
1521 763
344 764
1468 764
1288 765
235 766
1075 766
1652 766
512 767
1650 767
1662 767
1724 767
228 769
829 769
1323 769
551 770
933 771
1488 771
1656 771
795 772
1298 772
1669 772
215 773
982 773
1314 773
1726 773
324 774
1285 774
1312 774
1499 774
1666 774
1242 775
208 776
816 776
1442 776
1490 776
1521 776
1663 776
1384 777
1681 777
914 778
1079 778
1447 778
864 779
1106 779
1123 779
1527 779
1801 779
315 780
388 780
1129 780
1438 780
1533 780
962 781
999 781
1120 781
1192 781
1800 781
995 782
1520 782
1714 782
189 783
307 783
866 783
1378 783
997 784
1464 784
1798 784
1171 785
1089 786
820 787
1170 787
1284 787
295 788
1666 788
1798 788
977 789
1103 789
1350 789
1460 789
1688 789
170 790
738 790
1169 790
1371 790
287 791
978 791
1352 791
18 792
739 792
745 792
869 792
1756 792
1758 792
736 793
875 793
1666 793
799 794
1285 794
157 795
275 795
1449 795
1847 795
870 796
1686 796
412 797
742 797
874 797
1039 797
1275 797
149 798
267 798
1443 798
1843 798
69 800
404 800
1403 800
464 801
590 801
137 802
255 802
447 802
698 802
749 802
1386 802
456 803
745 803
826 804
1388 804
1674 804
1692 804
129 805
446 805
450 805
453 805
696 805
752 805
1064 805
1281 805
1666 805
1876 805
398 806
1708 806
51 807
451 807
753 807
930 809
1258 809
235 810
591 810
745 810
1272 810
130 811
676 811
1098 811
1100 811
138 812
152 812
584 812
755 812
1102 812
1408 812
1903 812
161 813
227 813
397 813
635 813
1011 813
1256 813
258 814
174 815
371 815
674 815
748 815
1410 815
1793 815
27 816
263 816
1274 817
1667 817
355 818
1381 819
1430 819
1551 819
112 820
208 820
550 820
574 820
1027 820
1724 820
348 821
805 821
808 821
813 821
1120 821
1503 821
107 822
571 822
943 822
1018 822
1522 822
1630 822
8 823
1511 823
1811 823
196 825
216 826
335 826
375 826
1704 826
280 827
963 827
1264 827
1291 827
1514 827
1701 827
188 828
277 828
563 828
1289 828
224 829
764 829
768 830
779 830
762 831
1288 831
1760 831
175 832
273 832
342 832
752 832
1302 832
1519 832
1521 832
1794 832
1810 832
316 833
742 833
744 833
766 833
777 833
1280 833
1288 833
638 834
642 834
1526 834
287 835
762 835
172 836
309 836
619 836
770 836
1787 836
277 837
380 837
382 837
1789 837
242 838
261 838
639 838
779 838
369 839
620 839
1459 839
1527 839
1552 839
609 840
1734 840
195 841
296 841
327 841
604 841
749 841
761 841
1424 841
79 842
192 842
1417 842
290 843
613 843
621 843
1525 843
1536 843
1552 843
328 844
430 844
648 844
807 845
961 845
1170 845
1428 845
1434 845
643 846
739 846
1644 846
676 847
688 847
921 847
963 847
1161 847
1441 847
1542 847
277 848
1023 848
1894 848
921 849
1438 849
1467 849
269 851
652 851
892 851
368 852
1020 852
1299 852
1410 852
653 853
712 853
1039 853
1173 853
1190 853
180 854
646 854
715 854
1047 854
1547 854
1616 854
1652 854
258 855
570 855
634 855
1297 855
1532 855
131 856
133 856
647 856
795 856
571 857
598 857
800 857
1622 857
135 858
634 858
700 858
888 858
1031 858
1424 858
250 859
1029 859
1537 859
1620 859
1279 860
1428 860
1527 860
1615 860
92 861
124 861
599 861
694 861
698 861
1635 861
270 862
631 862
1289 862
1703 862
85 863
202 863
237 863
593 863
795 863
122 864
486 864
800 864
1442 864
1741 864
1431 865
129 866
230 866
365 866
1436 866
1284 867
1641 867
105 868
121 868
268 868
1434 868
39 869
107 869
602 869
618 869
1052 869
1200 869
1562 869
1301 870
217 871
361 871
479 871
595 871
109 872
356 872
933 872
1183 872
1322 872
1476 872
1583 872
467 874
472 874
1186 874
1321 874
1544 874
239 875
644 875
802 875
853 875
1295 875
1430 875
1584 875
280 876
366 876
675 876
462 877
470 877
621 877
1751 877
16 878
225 878
337 878
455 878
607 878
1469 878
1579 878
370 879
1022 879
1026 880
643 881
1305 881
381 882
607 882
623 882
1538 882
491 883
639 883
686 884
215 885
371 885
488 885
493 885
599 885
369 886
1309 886
1489 886
1583 886
299 887
319 888
438 888
1291 888
492 889
1311 889
1483 889
1489 889
371 890
506 890
986 890
1292 890
367 891
1198 891
1379 891
1490 891
1585 891
16 892
217 892
625 892
1485 892
85 893
120 893
486 893
1493 893
616 894
289 895
1486 895
220 896
291 896
535 896
826 896
1299 896
1659 896
271 897
1430 897
1395 898
1724 898
516 899
704 899
827 899
256 900
496 900
514 900
1463 900
1603 900
251 901
1895 901
705 902
1093 902
1517 902
1893 902
1151 903
1891 903
1895 903
230 904
1094 904
1604 904
1893 904
173 905
226 905
1898 905
233 906
980 906
1596 906
195 907
224 907
226 907
228 907
343 907
576 907
1894 907
1498 908
237 909
372 909
1553 909
200 910
561 911
1900 911
230 912
426 912
606 912
695 912
1142 912
1499 912
583 913
911 913
949 913
1896 913
198 914
608 914
1487 914
1894 914
340 915
865 915
1498 915
1631 915
187 916
375 916
552 916
696 916
944 916
1137 916
1418 916
1523 916
95 917
675 917
780 917
1554 917
1668 917
1901 917
165 918
354 918
552 918
671 918
837 918
1496 918
1517 918
1662 918
609 919
695 919
1482 919
1896 919
553 920
671 920
1473 920
1660 920
1662 920
183 921
321 921
1476 921
1595 921
1610 921
1655 921
155 922
170 922
610 922
1039 922
1122 922
1516 922
132 923
338 923
464 923
1654 923
1670 923
1896 923
1907 923
473 924
73 925
159 925
169 925
540 925
671 925
1082 925
1420 925
1528 925
1902 925
1916 925
339 926
604 926
801 926
1103 926
1187 926
1296 926
1310 926
164 927
180 927
183 927
330 927
876 927
1416 927
1489 927
1627 927
1911 927
166 928
195 928
605 928
1300 928
456 929
1049 929
1097 929
1514 929
1640 929
328 930
331 930
1104 930
1422 930
1541 930
1798 930
1842 930
180 931
187 931
342 931
510 931
840 931
927 931
1292 931
1795 931
55 932
680 932
1075 932
1282 932
441 933
600 933
1087 933
1560 933
1789 933
1833 933
517 934
1726 934
1823 934
334 935
998 935
1079 935
1175 935
1418 935
1795 935
1821 935
1911 935
181 936
187 936
601 936
682 936
837 936
1276 936
1608 936
1792 936
1800 936
1824 936
1847 936
1882 936
1382 937
1631 937
1704 937
1879 937
1892 937
500 938
996 938
1092 938
1275 938
1376 938
1384 938
1798 938
1825 938
63 939
434 939
476 939
1421 939
1487 939
1700 939
1888 939
1091 940
1346 940
1387 940
1607 940
1793 940
1815 940
33 941
1065 941
1251 941
1623 941
1782 941
1824 941
476 942
1421 942
1813 942
1866 942
618 943
623 943
1256 943
1265 943
1368 943
1669 943
1692 943
1730 943
1862 943
72 944
216 944
349 944
1374 944
1477 944
1529 944
1623 944
1784 944
1092 945
1254 945
1369 945
1492 945
1832 945
36 946
1624 946
1811 946
1829 946
1836 946
15 947
647 947
1044 947
1251 947
1482 947
1833 947
1851 947
264 948
343 948
347 948
435 948
1248 948
1340 948
1493 948
60 949
158 949
794 949
1092 949
1345 949
1571 949
1077 950
1312 950
1626 950
274 951
396 951
422 951
793 951
926 951
1098 951
1347 951
1621 951
328 952
1426 952
1428 952
448 953
775 953
1241 953
1349 953
1431 953
1658 953
263 954
637 954
1383 954
1420 954
1423 954
1827 954
277 955
279 955
285 955
321 955
332 955
1430 955
1461 955
40 956
212 956
341 956
447 956
1238 956
1349 956
1643 956
1801 956
210 957
283 957
288 957
1297 957
1332 957
1340 957
1383 957
1429 957
1797 957
342 958
1038 958
1103 958
1437 958
1478 958
1642 958
1838 958
274 959
1316 959
1334 959
1415 959
1645 959
1816 959
433 960
445 960
457 960
647 960
807 960
930 960
1340 960
1395 960
1471 960
1245 961
1435 961
1788 961
133 962
429 962
1480 962
1488 962
1496 962
120 963
440 963
797 963
1574 963
63 964
282 964
432 964
948 964
1042 964
1292 964
1833 964
720 965
1098 965
59 966
363 966
712 966
718 966
833 966
1122 966
1251 966
1495 966
1792 966
435 967
725 967
859 967
997 967
431 968
522 968
654 968
834 968
1119 968
1200 968
1344 968
1395 968
1434 968
1498 968
1694 968
436 969
519 969
637 969
1112 969
1481 969
1816 969
358 970
720 970
1290 970
1386 970
1396 970
1427 970
1752 970
1808 970
656 971
1111 971
1390 971
1399 971
1500 971
1733 971
1754 971
1826 971
674 972
1293 972
1888 972
293 973
352 973
365 973
397 973
1008 973
1254 973
1411 973
1696 973
1746 973
1753 973
1879 973
1399 974
208 975
375 975
474 975
515 975
870 975
1401 975
1766 975
1880 975
1888 975
378 976
476 976
1108 976
1181 976
1350 976
1545 976
1581 976
1697 976
1726 976
1788 976
214 977
771 977
923 977
1075 977
1387 977
1410 977
1413 977
1722 977
1764 977
1795 977
1824 977
152 978
918 978
965 978
1091 978
1768 978
1784 978
1787 978
1799 978
226 979
299 979
475 979
488 979
928 979
1435 979
1764 979
348 980
966 980
1008 980
1335 980
1808 980
1812 980
1891 980
230 981
914 981
917 981
945 981
1261 981
1699 981
668 982
912 982
1502 982
1817 982
644 984
1395 984
1502 984
1778 984
1782 984
969 985
975 985
1209 985
1275 985
1488 985
911 986
1170 986
1392 986
1591 986
1779 986
308 987
365 987
990 987
1263 987
1335 987
1506 987
1589 987
976 988
1399 988
1501 988
1584 989
159 990
584 990
1261 990
1527 990
1794 990
1885 990
1887 990
581 991
1389 991
247 992
474 992
1577 992
1894 992
314 993
1239 993
839 994
1495 994
1528 994
1762 994
934 995
1263 995
1887 995
1497 996
1501 996
1571 996
538 997
1116 997
1211 997
1844 997
1846 997
1851 997
1896 997
568 998
1490 998
1777 999
1492 1000
1496 1000
181 1001
676 1001
819 1001
1054 1001
1118 1001
1362 1001
1774 1001
918 1002
1215 1002
1559 1002
1766 1002
408 1003
1498 1003
1501 1003
1512 1003
1556 1003
1797 1003
659 1004
1197 1004
1370 1004
279 1005
1789 1005
1792 1005
163 1006
524 1006
590 1006
1091 1006
1264 1006
1498 1006
180 1007
1082 1007
1201 1007
1339 1007
1363 1007
1496 1007
1683 1007
1792 1007
1798 1007
1051 1008
1183 1008
1597 1008
1842 1008
1202 1009
1349 1009
1497 1009
1840 1009
301 1010
823 1010
1000 1010
1174 1010
1268 1010
1683 1010
1777 1010
1050 1011
1498 1011
1505 1011
1800 1011
409 1012
1501 1012
1841 1012
299 1013
780 1013
913 1013
1036 1014
1336 1014
1498 1014
1531 1014
167 1015
527 1015
1218 1015
1787 1015
1789 1015
996 1016
1120 1016
1174 1016
1325 1016
200 1017
293 1017
1295 1017
1375 1017
490 1018
1191 1018
1319 1019
1346 1019
1772 1019
1915 1019
200 1020
1121 1020
1312 1020
1368 1020
1409 1020
1294 1021
1310 1021
1359 1021
1468 1021
1858 1021
397 1022
1176 1022
1208 1022
633 1023
791 1023
1127 1023
1311 1023
31 1024
204 1024
516 1024
1185 1024
1192 1024
1709 1024
1798 1024
214 1025
590 1025
671 1025
674 1025
316 1026
677 1026
1159 1026
1648 1026
1783 1026
297 1027
419 1027
502 1027
659 1027
1174 1027
1181 1027
1217 1027
1644 1027
507 1028
664 1028
1214 1028
1220 1028
1478 1028
1641 1028
31 1029
217 1029
400 1029
646 1029
1092 1029
1173 1029
1211 1029
1806 1029
423 1030
1455 1030
1776 1030
1857 1030
192 1031
204 1031
296 1031
780 1031
1253 1031
1649 1031
1878 1031
619 1032
1133 1032
1175 1032
1210 1032
1641 1032
35 1033
1201 1033
1220 1033
1227 1033
1254 1033
1703 1033
217 1034
294 1034
495 1034
1214 1034
1333 1034
1455 1034
1642 1034
71 1035
417 1035
1096 1035
1170 1035
1199 1035
1208 1035
1212 1035
1808 1035
1872 1035
632 1036
898 1036
918 1036
921 1036
1029 1036
1219 1036
1288 1036
208 1037
294 1037
427 1037
1197 1037
1458 1037
1088 1038
1619 1038
634 1039
755 1039
1096 1039
1130 1039
1214 1039
1265 1039
1915 1039
614 1040
638 1040
898 1040
920 1040
1102 1040
1123 1040
1472 1040
1828 1040
633 1041
1190 1041
1618 1041
1701 1041
1899 1041
612 1042
914 1042
1089 1042
1105 1042
1135 1042
1297 1042
1472 1042
1699 1042
1874 1042
1879 1042
635 1043
906 1043
1096 1043
1101 1043
1191 1043
1462 1043
1608 1043
434 1044
1604 1044
1647 1044
1683 1044
1875 1044
1892 1044
1916 1044
607 1045
1012 1045
1265 1045
1413 1045
1843 1045
634 1046
1180 1046
1189 1046
1200 1046
1232 1046
1235 1046
1836 1046
1100 1047
1604 1047
1618 1047
1656 1047
781 1048
1137 1048
1165 1048
1186 1048
1420 1048
35 1049
189 1049
344 1049
779 1049
1110 1049
1210 1049
1260 1049
79 1050
248 1050
1179 1050
1721 1050
1093 1051
1208 1051
1262 1051
504 1052
598 1052
1217 1052
1722 1052
42 1053
189 1053
345 1053
474 1053
1482 1053
1815 1053
889 1054
1140 1054
1408 1054
1670 1054
639 1055
1020 1055
1180 1055
1814 1055
276 1056
1336 1056
370 1057
593 1057
1177 1057
1334 1057
1827 1057
59 1058
228 1058
325 1058
596 1058
785 1058
1833 1058
1079 1059
1337 1059
1694 1059
54 1060
192 1060
230 1060
282 1060
311 1060
1033 1060
1335 1060
1652 1060
1901 1060
45 1061
396 1061
1076 1061
1171 1061
1832 1061
50 1062
217 1062
1178 1062
1824 1062
305 1063
313 1063
1422 1063
1695 1063
130 1064
159 1064
1688 1064
1802 1064
1894 1064
456 1065
1855 1065
353 1067
439 1067
488 1067
512 1067
924 1067
1861 1067
356 1068
461 1068
674 1068
670 1069
1016 1069
196 1070
358 1070
1014 1070
1486 1070
1562 1070
81 1071
450 1071
500 1071
672 1071
719 1071
903 1071
511 1072
1015 1072
1603 1072
1842 1072
447 1073
490 1073
619 1073
1547 1073
1699 1073
106 1074
445 1074
368 1075
1700 1075
1800 1075
361 1076
1552 1076
1696 1076
620 1077
899 1077
1843 1077
363 1078
1543 1078
573 1079
1031 1079
1259 1079
1541 1079
1597 1079
82 1080
472 1080
560 1080
804 1080
1002 1080
1543 1080
1594 1080
1816 1080
1819 1080
1899 1080
261 1081
470 1081
536 1081
1606 1081
1661 1081
1823 1081
982 1082
1120 1082
1549 1082
1652 1082
1826 1082
83 1083
252 1083
255 1083
768 1083
1602 1083
1649 1083
544 1084
986 1084
1548 1084
1909 1084
1151 1085
70 1086
578 1086
937 1086
941 1086
994 1086
1388 1086
1808 1086
373 1087
574 1087
1484 1087
67 1088
380 1088
686 1088
763 1088
776 1088
783 1088
933 1088
1380 1088
1477 1088
1810 1088
91 1089
237 1089
930 1089
1521 1089
1559 1089
1604 1089
893 1090
1153 1090
1480 1090
1806 1090
234 1091
372 1091
683 1091
924 1091
1233 1091
1513 1091
1586 1091
1601 1091
1604 1091
1652 1091
1800 1091
231 1092
485 1092
860 1092
1180 1092
1607 1092
174 1093
191 1093
376 1093
405 1093
856 1093
1562 1093
1583 1093
564 1094
771 1094
955 1094
1222 1094
1484 1094
1510 1094
1513 1094
1556 1094
210 1095
405 1095
477 1095
1360 1095
1552 1095
74 1096
716 1096
836 1096
985 1096
1189 1096
1272 1096
1560 1096
1881 1096
220 1097
407 1097
714 1097
1187 1097
1263 1097
1384 1097
1676 1097
1801 1097
176 1098
190 1098
215 1098
479 1098
781 1098
860 1098
1156 1098
1178 1098
1267 1098
268 1099
1459 1099
1464 1099
1554 1099
1882 1099
490 1100
717 1100
1259 1100
1266 1100
1275 1100
1385 1100
1573 1100
1677 1100
1733 1100
209 1101
264 1101
861 1101
1455 1101
1668 1101
1727 1101
182 1102
188 1102
815 1102
970 1102
367 1103
486 1103
818 1103
1267 1103
1464 1103
179 1104
208 1104
270 1104
951 1104
1447 1104
1734 1104
1899 1104
183 1105
895 1105
1451 1105
1462 1105
1729 1105
266 1106
1277 1106
1570 1106
1687 1106
109 1107
498 1107
690 1107
956 1107
1718 1107
1724 1107
199 1108
1676 1108
1681 1108
1685 1108
205 1109
492 1109
957 1109
1456 1109
119 1110
827 1110
1000 1110
1272 1110
1702 1110
810 1111
697 1112
1714 1112
1719 1112
1162 1113
107 1114
192 1114
807 1114
1040 1114
1355 1114
1359 1114
1626 1114
1669 1115
1677 1115
648 1116
1096 1116
1280 1116
866 1117
868 1117
1621 1117
1674 1117
1709 1117
192 1118
199 1118
882 1118
1277 1118
576 1119
867 1119
1198 1119
1622 1119
1629 1119
1890 1119
863 1120
882 1120
1165 1120
1195 1120
1627 1120
1705 1120
1240 1121
1243 1121
536 1122
1233 1122
870 1123
498 1124
1075 1124
1105 1124
1669 1124
1780 1124
583 1125
869 1125
1249 1125
1443 1125
1448 1125
1604 1125
1830 1125
3 1126
196 1126
881 1126
1498 1126
1826 1126
749 1127
883 1127
1109 1127
1273 1127
1605 1127
1875 1127
1907 1127
1216 1128
1111 1129
1434 1129
375 1130
868 1130
1091 1130
1095 1130
1437 1130
523 1131
934 1131
1103 1131
1656 1131
592 1132
1757 1132
508 1133
872 1133
1637 1133
1754 1133
139 1134
908 1134
1021 1134
1119 1134
1756 1134
519 1135
528 1135
913 1135
1052 1135
1081 1135
1466 1135
533 1136
1011 1136
1205 1136
1644 1136
529 1137
676 1137
931 1137
976 1137
1638 1137
513 1138
611 1138
881 1138
1012 1138
1206 1138
1441 1138
1582 1138
26 1139
212 1139
445 1139
996 1139
1016 1139
1028 1139
1414 1139
1417 1139
141 1140
947 1140
1009 1140
1014 1140
1259 1140
1647 1140
1838 1140
122 1141
522 1141
532 1141
534 1141
1412 1141
1447 1141
1879 1141
655 1142
882 1142
1019 1142
1086 1142
1445 1142
1580 1142
317 1143
998 1143
125 1144
539 1144
771 1144
1005 1144
1261 1144
1404 1144
24 1145
312 1145
453 1145
584 1145
979 1145
1588 1145
204 1146
529 1146
652 1146
987 1146
1020 1146
1209 1146
1402 1146
1873 1146
124 1147
543 1147
880 1147
1452 1147
437 1148
1105 1148
1210 1148
1227 1148
128 1149
457 1149
651 1149
1450 1149
1590 1149
1608 1149
1871 1149
663 1150
981 1150
1604 1150
449 1151
451 1151
976 1151
1106 1151
351 1152
984 1152
1395 1152
1905 1152
536 1153
979 1153
1699 1153
1741 1153
141 1154
290 1154
1389 1154
1906 1154
344 1155
411 1155
882 1155
1463 1155
1742 1155
285 1156
451 1156
917 1156
977 1156
1179 1156
1383 1156
1740 1156
133 1157
759 1157
982 1157
1704 1157
218 1158
846 1158
132 1159
210 1159
220 1159
885 1159
1061 1159
129 1160
143 1160
190 1160
536 1160
955 1160
967 1160
980 1160
1373 1160
1706 1160
988 1161
1100 1161
1253 1161
1397 1161
134 1162
154 1162
289 1162
705 1162
1756 1162
597 1163
661 1163
1374 1163
1754 1163
1762 1163
800 1164
1679 1164
1737 1164
131 1165
559 1165
1134 1165
1136 1165
1408 1165
142 1166
543 1167
627 1167
10 1168
320 1168
970 1168
1252 1168
1404 1168
1614 1168
1677 1168
157 1169
595 1169
1243 1169
1406 1169
1725 1169
553 1170
627 1170
137 1171
1236 1171
1251 1171
1614 1171
140 1172
155 1172
1676 1172
1833 1172
630 1173
1046 1173
1725 1173
1732 1173
1233 1174
477 1175
906 1175
1495 1175
1507 1175
1642 1175
368 1176
973 1176
1106 1176
149 1177
735 1177
1113 1177
1302 1177
1499 1177
646 1178
1167 1178
1237 1178
1239 1178
1265 1178
137 1179
151 1179
362 1179
924 1179
1189 1179
1301 1179
1830 1179
146 1180
458 1180
1671 1180
576 1181
1296 1181
1678 1181
1722 1181
1836 1181
1882 1181
1099 1182
1294 1182
1418 1182
1680 1182
1770 1182
350 1183
361 1183
574 1183
1388 1183
1649 1183
290 1184
468 1184
518 1184
1880 1184
345 1185
383 1185
924 1185
1232 1185
154 1186
323 1186
455 1186
836 1186
910 1186
1292 1186
1766 1186
652 1187
1395 1187
1482 1187
1504 1187
278 1188
834 1188
976 1188
1420 1188
441 1189
444 1189
908 1189
1174 1189
1386 1189
150 1190
621 1190
964 1190
1766 1190
252 1191
1309 1191
1385 1191
1832 1191
292 1192
328 1192
528 1192
587 1192
690 1192
978 1192
1264 1192
1307 1192
1768 1192
159 1193
161 1193
175 1193
1104 1193
1650 1193
1663 1193
1884 1193
165 1194
203 1194
387 1194
572 1194
1424 1194
1712 1194
1768 1194
155 1195
158 1195
462 1195
970 1195
1002 1195
1147 1195
1818 1195
434 1196
1359 1196
1671 1196
1767 1196
1772 1196
126 1197
701 1197
983 1197
1266 1197
1641 1197
151 1198
254 1198
634 1198
1262 1198
1358 1198
1663 1198
148 1199
158 1199
700 1199
707 1199
1303 1199
1409 1199
1771 1199
59 1200
119 1200
156 1200
197 1200
385 1200
709 1200
1775 1200
128 1201
174 1201
434 1201
696 1201
973 1201
1288 1201
1365 1201
1509 1201
286 1202
454 1202
485 1202
812 1202
1269 1202
1302 1202
1764 1202
147 1203
303 1203
711 1203
1252 1203
1263 1203
1286 1203
428 1204
1281 1204
1380 1204
1844 1204
122 1205
382 1205
430 1205
1067 1205
1764 1205
1888 1205
196 1206
293 1206
585 1206
694 1206
1416 1206
703 1207
813 1207
1027 1207
1252 1207
1344 1207
692 1208
1025 1208
351 1209
488 1209
544 1209
714 1209
1342 1209
1512 1209
1673 1209
198 1210
388 1210
548 1210
1026 1210
1350 1210
1652 1210
1764 1210
1841 1210
519 1211
900 1211
356 1212
906 1212
1891 1212
484 1213
512 1213
865 1213
1691 1213
939 1214
1848 1214
1909 1214
154 1215
177 1215
433 1215
482 1215
1245 1215
1688 1215
1694 1215
1870 1215
1911 1215
191 1216
346 1216
835 1216
862 1216
1298 1216
1892 1216
173 1217
217 1217
1292 1217
1295 1217
1912 1217
183 1218
219 1218
838 1218
1290 1218
1432 1218
1916 1218
202 1219
216 1219
863 1219
1132 1219
1898 1219
186 1220
1290 1220
1395 1220
155 1221
600 1221
1347 1221
1400 1221
1915 1221
66 1222
410 1222
1131 1222
1695 1222
187 1223
474 1223
1124 1223
1126 1223
1789 1223
62 1224
368 1224
409 1224
935 1224
1122 1224
1292 1224
1913 1224
179 1225
181 1225
207 1225
222 1225
1395 1225
1527 1225
67 1226
70 1226
159 1226
187 1226
816 1226
1126 1226
1129 1226
1145 1226
1696 1226
1762 1226
1787 1226
63 1227
172 1227
211 1227
213 1227
1488 1227
1909 1227
187 1228
207 1228
338 1228
479 1228
1299 1228
168 1229
203 1229
1134 1229
1390 1229
187 1230
413 1230
825 1230
871 1230
1286 1230
1908 1230
1114 1231
1126 1231
1674 1231
1765 1231
484 1232
521 1232
816 1232
1071 1232
1302 1232
1441 1232
1518 1232
1762 1232
1916 1232
163 1233
179 1233
1305 1233
1392 1233
177 1234
413 1234
539 1234
809 1234
872 1234
1283 1234
1675 1234
1911 1234
161 1235
186 1235
182 1236
204 1236
1624 1236
1168 1237
1680 1237
1760 1237
798 1238
1211 1238
1448 1238
175 1239
1170 1239
1682 1239
1725 1239
165 1240
187 1240
852 1240
1914 1240
169 1241
174 1241
1006 1241
1852 1241
188 1242
198 1242
405 1242
571 1242
877 1242
1002 1242
1333 1242
230 1243
195 1244
397 1244
1662 1244
820 1245
1076 1245
166 1246
174 1247
628 1247
798 1247
804 1247
1608 1247
1773 1247
398 1248
1047 1248
375 1249
948 1249
1773 1249
167 1250
175 1250
210 1250
1424 1250
172 1251
727 1251
873 1251
1068 1251
1189 1251
1242 1251
1762 1251
214 1252
378 1252
1283 1252
1453 1252
1503 1252
875 1253
913 1253
1062 1254
1693 1254
1915 1254
455 1255
1361 1255
1407 1255
1414 1255
1444 1255
1723 1255
191 1256
221 1256
451 1256
504 1256
1789 1256
5 1257
170 1257
871 1257
875 1257
1431 1257
1909 1257
189 1258
786 1258
1253 1258
1416 1259
1913 1259
642 1260
1441 1260
1651 1260
1660 1260
1340 1261
1898 1261
1147 1262
1400 1262
1510 1262
1909 1262
786 1263
1456 1263
1907 1263
1193 1264
1423 1264
1616 1264
1675 1264
1762 1264
1913 1264
456 1265
1452 1265
1667 1265
1764 1265
1777 1265
1879 1265
207 1266
876 1266
1295 1266
1635 1266
1762 1266
1886 1266
573 1267
772 1267
1618 1267
1668 1267
1877 1267
458 1268
768 1268
1663 1268
1908 1268
175 1269
202 1269
1170 1269
1450 1269
1461 1269
1658 1269
1669 1269
1891 1269
1916 1269
198 1270
771 1270
1196 1270
1202 1270
1664 1270
191 1271
410 1271
766 1271
801 1271
1191 1271
1670 1271
1694 1271
1912 1271
1143 1272
1470 1272
1654 1272
1672 1272
1678 1272
772 1273
1748 1273
537 1274
1097 1274
1423 1274
1655 1274
1677 1274
1744 1274
372 1275
1099 1275
1147 1275
1645 1275
1240 1276
1411 1276
1511 1276
1744 1276
1875 1276
1898 1276
851 1277
1102 1277
1339 1277
1649 1277
1675 1277
1900 1277
1902 1277
529 1278
1058 1278
1640 1278
1792 1278
928 1279
1148 1279
1238 1279
1417 1279
1799 1279
1340 1280
1637 1280
1666 1280
1672 1280
1699 1280
1793 1280
1879 1280
1444 1281
401 1282
1407 1282
1409 1282
1439 1282
1793 1282
1060 1283
1411 1283
1668 1283
1863 1283
1881 1283
362 1284
1243 1284
1648 1284
1464 1285
1684 1285
1711 1285
1802 1285
393 1286
552 1286
1245 1286
1664 1286
1688 1286
1442 1287
1649 1287
1673 1287
1738 1287
1795 1287
1878 1287
364 1288
1037 1288
1308 1288
1404 1288
1640 1288
1660 1288
1771 1288
503 1289
1110 1289
1304 1289
1364 1289
1463 1289
1633 1289
1678 1289
1856 1289
1858 1289
546 1290
597 1290
870 1290
1032 1290
1158 1290
1407 1290
1428 1290
1628 1290
1656 1290
1697 1290
554 1291
745 1291
1304 1291
1432 1291
1648 1291
1711 1291
1771 1291
1873 1291
390 1292
396 1292
500 1292
1736 1292
1850 1292
413 1293
415 1293
830 1293
1040 1293
1393 1293
1436 1293
1639 1293
1656 1293
1739 1293
1808 1293
1813 1293
553 1294
600 1294
1155 1294
1328 1294
1799 1294
603 1295
746 1295
1124 1295
1361 1295
1431 1295
1642 1295
1722 1295
1898 1295
391 1296
925 1296
1631 1296
1655 1296
1665 1296
1736 1296
1814 1296
1857 1296
395 1297
478 1297
1629 1297
1721 1297
1760 1297
383 1298
1615 1298
1632 1298
1728 1298
1741 1298
1743 1298
1772 1298
1856 1298
1397 1299
1714 1299
1732 1299
1758 1299
1884 1299
1890 1299
142 1300
468 1300
745 1300
968 1300
1403 1300
1410 1300
1664 1300
1710 1300
1717 1300
1724 1300
1735 1300
1771 1300
1810 1300
1815 1300
580 1301
583 1301
840 1301
963 1301
1147 1301
1163 1301
457 1302
961 1302
1083 1302
1737 1302
1905 1302
465 1303
471 1303
842 1303
1746 1303
1815 1303
1879 1303
1375 1304
1618 1304
1708 1304
1726 1304
1741 1304
1761 1304
1802 1304
1081 1305
1756 1305
1815 1305
511 1306
969 1306
1085 1306
1706 1306
1713 1306
1795 1306
1898 1306
37 1307
461 1307
521 1307
945 1307
948 1307
957 1307
1620 1307
1717 1307
1719 1307
1738 1307
458 1308
510 1308
517 1308
1571 1308
1724 1308
1762 1308
1767 1308
363 1309
1616 1309
1722 1309
1729 1309
1755 1309
1912 1309
1239 1310
1348 1310
1420 1310
1601 1310
1701 1310
1760 1310
1890 1310
958 1311
1029 1311
1310 1311
1604 1311
1722 1311
1724 1311
1731 1311
1782 1311
35 1312
37 1312
945 1312
1022 1312
1242 1312
1269 1312
1336 1312
1881 1312
1031 1313
1694 1313
1756 1313
427 1314
951 1314
1018 1314
1121 1314
1331 1314
1416 1314
1649 1314
1904 1314
948 1315
1016 1315
1184 1315
1187 1315
1034 1316
1115 1316
1556 1316
1810 1316
1914 1316
1722 1317
1890 1317
200 1318
1012 1318
1305 1318
1694 1318
195 1319
368 1319
427 1319
850 1319
1008 1319
1072 1319
1707 1319
1902 1319
192 1320
419 1320
425 1320
1750 1320
1813 1320
1908 1320
527 1321
820 1321
852 1321
994 1321
1057 1321
1208 1321
1894 1321
996 1322
1065 1322
1306 1322
1710 1322
1750 1322
1048 1323
1059 1323
1109 1323
1350 1323
1813 1323
1885 1323
518 1324
865 1324
1248 1324
1585 1324
1887 1324
1071 1325
1106 1325
1220 1325
1264 1325
1297 1325
1311 1325
1108 1326
1177 1326
1317 1326
1812 1326
178 1327
264 1327
182 1328
196 1328
261 1328
382 1328
1081 1328
1263 1328
1310 1328
1657 1328
1738 1328
190 1329
1235 1329
1257 1329
1296 1329
855 1330
1087 1330
1370 1330
1558 1330
1662 1330
1807 1330
1815 1330
1895 1330
263 1331
384 1331
1077 1331
1237 1331
1578 1331
1728 1331
1734 1331
388 1332
1666 1332
1677 1332
1682 1332
159 1333
165 1333
1268 1333
1737 1333
156 1334
1567 1334
1676 1334
1744 1334
600 1335
1307 1335
1565 1335
1793 1335
390 1336
436 1336
1081 1336
1262 1336
1658 1336
1671 1336
235 1337
439 1337
806 1337
228 1338
230 1338
437 1338
604 1338
839 1338
882 1338
1095 1338
1645 1338
1657 1338
1778 1338
207 1339
383 1339
602 1339
1289 1339
1335 1339
1722 1339
958 1340
1081 1340
1297 1340
1313 1340
165 1341
593 1341
606 1341
840 1341
1070 1341
1379 1341
1771 1341
1805 1341
181 1342
648 1342
1206 1342
1561 1342
1662 1342
1820 1342
802 1343
875 1343
1287 1343
1648 1343
573 1344
873 1344
880 1344
1304 1344
1549 1344
181 1345
571 1345
584 1345
1319 1345
1322 1345
1327 1345
209 1346
262 1346
841 1346
886 1346
954 1346
1082 1346
1316 1346
180 1347
1064 1347
1275 1347
1281 1347
866 1348
871 1348
884 1348
1219 1348
1724 1348
179 1349
182 1349
368 1349
858 1349
878 1349
942 1349
1027 1349
1216 1349
1312 1349
1633 1349
271 1350
573 1350
938 1350
1384 1350
577 1351
611 1351
628 1351
958 1351
1083 1351
1266 1351
1268 1351
1310 1351
1722 1351
1822 1351
347 1352
870 1352
873 1352
1028 1352
951 1353
1282 1353
1588 1353
1591 1353
1632 1353
552 1354
569 1354
955 1354
1134 1354
1137 1354
1238 1354
1267 1354
1626 1354
866 1355
938 1355
1623 1355
1719 1355
578 1356
1278 1356
1540 1356
1749 1356
168 1357
511 1357
613 1357
861 1357
863 1357
1283 1357
1621 1357
617 1358
917 1358
938 1358
942 1358
1035 1358
1286 1358
330 1359
547 1359
614 1359
1075 1359
1594 1359
167 1360
281 1360
523 1360
526 1360
1071 1360
1629 1360
1743 1360
1815 1360
1884 1360
553 1361
1266 1361
1589 1361
1741 1361
98 1362
497 1362
501 1362
537 1362
547 1362
1381 1362
1453 1362
1612 1362
1752 1362
1817 1362
516 1363
530 1363
1145 1363
1148 1363
1455 1363
1587 1363
1787 1363
503 1364
536 1364
547 1364
908 1364
1544 1364
511 1365
1267 1365
1585 1365
151 1366
331 1366
335 1366
1132 1366
1430 1366
282 1367
343 1367
493 1367
1537 1367
1744 1367
122 1368
335 1368
496 1368
900 1368
1377 1368
1732 1368
501 1369
534 1369
538 1369
621 1369
1662 1369
1775 1369
1830 1369
342 1370
542 1370
573 1370
805 1370
1066 1370
1225 1370
1565 1370
1728 1370
1833 1370
331 1371
512 1371
1222 1371
1387 1371
255 1372
487 1372
1369 1372
1663 1372
1726 1372
1741 1372
1889 1372
121 1373
582 1373
795 1373
887 1373
1834 1373
1535 1374
1735 1374
1844 1374
121 1375
505 1375
546 1375
1085 1375
1225 1375
1733 1375
118 1376
576 1376
1480 1376
1643 1376
1730 1376
1837 1376
339 1377
508 1377
512 1377
799 1377
880 1377
1088 1377
1090 1377
560 1378
1254 1378
1529 1378
1531 1378
1538 1378
340 1379
557 1379
998 1379
1649 1379
111 1380
290 1380
877 1380
691 1381
931 1381
1089 1381
1154 1381
1532 1381
1827 1381
1534 1382
289 1383
871 1383
998 1383
1531 1383
553 1384
939 1384
1145 1384
1257 1384
1713 1384
1716 1384
1719 1384
1003 1385
1193 1385
1254 1385
1457 1385
879 1386
993 1386
1783 1386
809 1387
1257 1387
1776 1387
1324 1388
1554 1388
1720 1388
1745 1388
1075 1389
1236 1389
1257 1389
1557 1389
1822 1389
338 1390
1098 1390
1728 1390
1742 1390
813 1391
995 1391
1021 1391
1202 1391
481 1392
1095 1392
1255 1392
1349 1392
1748 1392
343 1393
1723 1393
511 1394
1024 1394
983 1395
992 1395
1693 1395
1752 1395
1818 1395
1855 1395
1891 1395
465 1396
951 1396
1012 1396
1023 1396
1243 1396
1245 1396
1277 1396
1702 1396
482 1397
985 1397
1083 1397
1145 1397
1240 1397
1748 1398
456 1399
1433 1399
1743 1399
986 1400
1280 1400
342 1401
1253 1401
1794 1401
459 1402
1077 1402
1244 1402
1597 1402
1880 1402
1808 1403
984 1404
1219 1405
1674 1405
1783 1405
294 1406
560 1406
974 1406
1492 1406
1751 1406
288 1407
1082 1407
1466 1407
1712 1407
1754 1407
438 1408
470 1408
1000 1408
1464 1408
1506 1408
1666 1408
966 1411
835 1413
1713 1414
1749 1414
1666 1415
640 1416
720 1416
839 1416
886 1416
1469 1416
1476 1416
1676 1416
1712 1416
1765 1416
1916 1416
1470 1418
1553 1418
1466 1419
1703 1419
1713 1419
1717 1419
1762 1419
1768 1419
304 1420
1450 1421
1455 1421
1463 1421
1704 1421
569 1422
914 1423
1454 1423
1456 1423
1461 1423
1755 1423
571 1424
623 1424
1450 1424
1551 1424
1827 1424
1455 1425
558 1426
561 1426
1445 1427
1450 1427
311 1429
469 1429
562 1429
889 1429
923 1429
1824 1430
573 1431
1451 1431
1541 1431
1714 1431
741 1432
1217 1432
1052 1433
1207 1433
1713 1433
1204 1434
1555 1434
1760 1434
1092 1435
1653 1435
1818 1435
8 1436
1201 1436
1267 1436
